0 0.00625 0.4625 0.00859375 0.015625
0 0.05703125 0.44296875 0.0109375 0.015625
0 0.03984375 0.5 0.0109375 0.01796875
0 0.1125 0.49453125 0.0125 0.01953125
0 0.13984375 0.478125 0.01171875 0.01953125
0 0.16328125 0.51171875 0.00703125 0.01171875
0 0.13125 0.490625 0.00703125 0.01015625
0 0.23515625 0.4828125 0.0109375 0.01953125
0 0.290625 0.46640625 0.0078125 0.0171875
0 0.315625 0.4703125 0.00625 0.01171875
0 0.3234375 0.47265625 0.0078125 0.0140625
0 0.2875 0.5078125 0.00859375 0.01796875
0 0.3546875 0.4765625 0.0078125 0.01171875
0 0.38828125 0.478125 0.00859375 0.015625
0 0.39921875 0.43125 0.00625 0.01015625
0 0.42265625 0.42421875 0.00703125 0.01328125
0 0.42109375 0.478125 0.009375 0.0171875
0 0.45703125 0.47421875 0.009375 0.01953125
0 0.5015625 0.48828125 0.009375 0.01796875
0 0.50546875 0.51796875 0.0046875 0.0140625
0 0.47421875 0.44296875 0.0046875 0.0078125
0 0.48828125 0.4390625 0.0078125 0.01328125
0 0.52265625 0.42734375 0.00859375 0.01171875
0 0.5328125 0.421875 0.00703125 0.01171875
0 0.553125 0.4296875 0.00625 0.01015625
0 0.56875 0.42734375 0.00859375 0.015625
0 0.55390625 0.490625 0.01171875 0.01796875
0 0.6015625 0.4921875 0.01171875 0.01796875
0 0.625 0.43359375 0.009375 0.015625
0 0.63984375 0.4984375 0.00703125 0.01796875
0 0.72734375 0.44140625 0.0046875 0.01328125
0 0.76171875 0.446875 0.00625 0.01015625
0 0.78203125 0.46640625 0.00859375 0.0140625
0 0.77578125 0.4671875 0.0046875 0.01015625
0 0.7765625 0.49609375 0.00703125 0.025
0 0.809375 0.45078125 0.00625 0.01015625
0 0.8484375 0.44296875 0.00625 0.0140625
0 0.8453125 0.46875 0.0078125 0.015625
0 0.846875 0.51171875 0.00625 0.01953125
0 0.940625 0.52578125 0.01484375 0.02890625
0 0.6984375 0.4453125 0.0109375 0.015625