0 0.03046875 0.44921875 0.009375 0.0234375
0 0.028125 0.4890625 0.00703125 0.01640625
0 0.08515625 0.50546875 0.00625 0.01171875
0 0.08046875 0.4859375 0.0046875 0.00859375
0 0.109375 0.49609375 0.00390625 0.01328125
0 0.13671875 0.49921875 0.00390625 0.01171875
0 0.14921875 0.5171875 0.003125 0.00703125
0 0.15546875 0.50625 0.00390625 0.01171875
0 0.1625 0.5109375 0.003125 0.00859375
0 0.20390625 0.5140625 0.0015625 0.00546875
0 0.0953125 0.49921875 0.00390625 0.01015625
0 0.31171875 0.3703125 0.0203125 0.04375
0 0.45234375 0.31953125 0.0234375 0.06171875
0 0.3578125 0.4375 0.01171875 0.0265625
0 0.5734375 0.36484375 0.01875 0.0453125
0 0.61875 0.34375 0.01953125 0.0484375
0 0.68515625 0.40390625 0.01640625 0.03828125
0 0.69609375 0.44375 0.00859375 0.021875
0 0.74375 0.4359375 0.00859375 0.01640625
0 0.77265625 0.43359375 0.0109375 0.01875
0 0.77421875 0.50625 0.01171875 0.01875
0 0.86875 0.4703125 0.00859375 0.01875
0 0.88984375 0.421875 0.01484375 0.02890625
0 0.92265625 0.44375 0.01171875 0.0203125
0 0.9671875 0.39375 0.02265625 0.025
0 0.92421875 0.31796875 0.0046875 0.01015625
0 0.959375 0.31015625 0.0046875 0.01015625
0 0.98359375 0.303125 0.0046875 0.01015625
0 0.71953125 0.48203125 0.00703125 0.01328125