0 0.1328125 0.28359375 0.0171875 0.0265625
0 0.15859375 0.2859375 0.01875 0.0296875
0 0.19140625 0.296875 0.0171875 0.03515625
0 0.25703125 0.24765625 0.021875 0.0390625
0 0.2828125 0.278125 0.02421875 0.04140625
0 0.334375 0.23671875 0.03125 0.05546875
0 0.4015625 0.26171875 0.03203125 0.06015625
0 0.49296875 0.2609375 0.0390625 0.075
0 0.36953125 0.2796875 0.0125 0.0171875
0 0.4203125 0.2578125 0.01171875 0.0265625
0 0.5296875 0.2859375 0.0078125 0.0171875
0 0.5734375 0.26328125 0.025 0.03515625
0 0.590625 0.27265625 0.0109375 0.0203125
0 0.63984375 0.21875 0.0296875 0.0375
0 0.7328125 0.2203125 0.04765625 0.0890625
0 0.82734375 0.18828125 0.03125 0.0578125
0 0.903125 0.2203125 0.02421875 0.04296875
0 0.98984375 0.19921875 0.0203125 0.0453125
0 0.03515625 0.3 0.00390625 0.009375
0 0.0453125 0.30234375 0.00625 0.0109375