0 0.3078125 0.184375 0.0078125 0.0125
0 0.296875 0.20234375 0.009375 0.01484375
0 0.28203125 0.21328125 0.00859375 0.01796875
0 0.271875 0.2296875 0.009375 0.01484375
0 0.25859375 0.24453125 0.009375 0.01796875
0 0.340625 0.21328125 0.00703125 0.01328125
0 0.365625 0.228125 0.00859375 0.01640625
0 0.403125 0.21328125 0.00859375 0.01640625
0 0.3921875 0.24296875 0.00703125 0.01484375
0 0.41640625 0.26875 0.00859375 0.01328125
0 0.3796875 0.28828125 0.00859375 0.01640625
0 0.409375 0.30078125 0.009375 0.01796875
0 0.34765625 0.259375 0.009375 0.01875
0 0.325 0.2421875 0.0078125 0.01796875
0 0.30625 0.28515625 0.009375 0.01640625
0 0.3296875 0.30625 0.009375 0.0203125
0 0.36015625 0.325 0.0125 0.021875
0 0.3953125 0.34296875 0.0125 0.0203125
0 0.3375 0.371875 0.0140625 0.0203125
0 0.3109375 0.35 0.0125 0.0203125
0 0.2828125 0.32890625 0.01171875 0.01875
0 0.2453125 0.2578125 0.0109375 0.01796875
0 0.23359375 0.28125 0.01171875 0.021875
0 0.20390625 0.31171875 0.0140625 0.021875
0 0.175 0.36171875 0.0140625 0.02421875
0 0.253125 0.37734375 0.0140625 0.02421875
0 0.2875 0.40703125 0.01171875 0.02578125
0 0.71171875 0.30078125 0.0109375 0.01640625
0 0.69375 0.325 0.009375 0.021875
0 0.6640625 0.3484375 0.01171875 0.021875
0 0.7515625 0.3234375 0.01171875 0.01875
0 0.7671875 0.31171875 0.0109375 0.0203125
0 0.734375 0.35390625 0.01171875 0.021875
0 0.56953125 0.37734375 0.01171875 0.021875
0 0.6375 0.37421875 0.01171875 0.02421875
0 0.6078125 0.4140625 0.0140625 0.0234375
0 0.57734375 0.44140625 0.01484375 0.02421875
0 0.64140625 0.44375 0.0140625 0.02578125
0 0.67890625 0.4140625 0.01484375 0.02890625
0 0.55 0.5296875 0.01640625 0.0328125
0 0.60546875 0.53515625 0.015625 0.02734375
0 0.65546875 0.53125 0.01875 0.02890625
0 0.68359375 0.49296875 0.015625 0.02578125
0 0.70390625 0.38125 0.01171875 0.02578125
0 0.7734375 0.38359375 0.0140625 0.0234375
0 0.7578125 0.4125 0.0140625 0.02421875
0 0.71796875 0.4375 0.015625 0.02578125
0 0.8203125 0.41953125 0.0140625 0.021875
0 0.79375 0.45234375 0.01484375 0.02578125
0 0.75546875 0.490625 0.01484375 0.02421875
0 0.71875 0.53515625 0.0171875 0.03125
0 0.77421875 0.534375 0.0171875 0.0296875
0 0.834375 0.5234375 0.01875 0.0328125
0 0.84296875 0.4984375 0.01640625 0.0296875
0 0.71796875 0.25390625 0.00859375 0.01484375
0 0.759375 0.18046875 0.00859375 0.01796875
0 0.76640625 0.196875 0.009375 0.01796875
0 0.77578125 0.21171875 0.0109375 0.01640625
0 0.78984375 0.22265625 0.00859375 0.01875
0 0.81015625 0.25390625 0.0109375 0.021875
0 0.8203125 0.28671875 0.0140625 0.021875
0 0.78984375 0.35390625 0.0125 0.0203125
0 0.834375 0.3171875 0.0125 0.0203125
0 0.85859375 0.3453125 0.0140625 0.0203125
0 0.878125 0.37421875 0.01171875 0.0234375
0 0.89765625 0.40859375 0.0140625 0.02578125
0 0.8921875 0.53828125 0.01640625 0.02890625
0 0.615625 0.48671875 0.01484375 0.02421875
0 0.3171875 0.42890625 0.01484375 0.02421875
0 0.35078125 0.48125 0.0140625 0.02578125
0 0.3078125 0.521875 0.01640625 0.0328125
0 0.25859375 0.48203125 0.01484375 0.0203125
0 0.22734375 0.4453125 0.0125 0.02578125
0 0.2515625 0.51875 0.01875 0.02734375
0 0.19921875 0.5234375 0.015625 0.02578125
0 0.15703125 0.53515625 0.0171875 0.02734375
0 0.14296875 0.38671875 0.01484375 0.0234375
0 0.11875 0.421875 0.015625 0.02890625
0 0.096875 0.4578125 0.0171875 0.03671875
0 0.4296875 0.23203125 0.0078125 0.01796875
0 0.45625 0.209375 0.00859375 0.01640625
0 0.4828125 0.2296875 0.0078125 0.01484375
0 0.5140625 0.20625 0.0078125 0.01484375
0 0.5046875 0.2421875 0.00859375 0.01484375
0 0.4796875 0.26796875 0.009375 0.01796875
0 0.45 0.24609375 0.0078125 0.01640625
0 0.44375 0.284375 0.009375 0.01484375
0 0.46953125 0.30078125 0.009375 0.01484375
0 0.4984375 0.284375 0.0109375 0.01796875
0 0.534375 0.26328125 0.009375 0.01796875
0 0.5328125 0.29375 0.009375 0.01875
0 0.4984375 0.328125 0.009375 0.01875
0 0.43828125 0.33046875 0.0125 0.02421875
0 0.4609375 0.35234375 0.01171875 0.021875
0 0.4953125 0.371875 0.01171875 0.021875
0 0.53125 0.35546875 0.01171875 0.0234375
0 0.41875 0.37734375 0.01171875 0.021875
0 0.36640625 0.40859375 0.0109375 0.02421875
0 0.403125 0.434375 0.01484375 0.02578125
0 0.36875 0.51796875 0.015625 0.02890625
0 0.44921875 0.4796875 0.015625 0.02734375
0 0.42734375 0.52421875 0.01875 0.03125
0 0.490625 0.51640625 0.015625 0.0328125
0 0.56171875 0.21328125 0.00859375 0.01328125
0 0.540625 0.23515625 0.0078125 0.01328125
0 0.5609375 0.24296875 0.0109375 0.01328125
0 0.5890625 0.23359375 0.00859375 0.01328125
0 0.61875 0.2171875 0.00859375 0.01328125
0 0.64765625 0.23203125 0.0078125 0.01328125
0 0.61796875 0.2515625 0.00859375 0.01640625
0 0.64296875 0.26640625 0.00859375 0.01640625
0 0.6203125 0.28125 0.0109375 0.01875
0 0.58984375 0.26640625 0.009375 0.01640625
0 0.55859375 0.2828125 0.009375 0.01875
0 0.5609375 0.328125 0.0109375 0.01796875
0 0.596875 0.2953125 0.009375 0.01796875
0 0.5984375 0.34140625 0.0125 0.0234375
0 0.63125 0.32890625 0.0109375 0.01796875
0 0.6546875 0.29609375 0.009375 0.0203125
0 0.45390625 0.40703125 0.0140625 0.021875
0 0.496875 0.44140625 0.0125 0.02890625
0 0.53515625 0.415625 0.0140625 0.0234375
0 0.5328125 0.48671875 0.0140625 0.02734375
0 0.665625 0.21875 0.0078125 0.01328125
0 0.7046875 0.21875 0.009375 0.01796875
0 0.72578125 0.228125 0.00859375 0.01796875
0 0.69296875 0.23515625 0.00859375 0.01484375
0 0.67109375 0.25546875 0.0078125 0.01484375
0 0.7015625 0.2703125 0.009375 0.01640625
0 0.67890625 0.2828125 0.0109375 0.01875
0 0.74453125 0.26796875 0.00859375 0.01875
0 0.7328125 0.28515625 0.009375 0.01484375