0 0.3390625 0.3140625 0.00390625 0.00625
0 0.325 0.1875 0.003125 0.0046875
0 0.2453125 0.1890625 0.003125 0.00625
0 0.21796875 0.19140625 0.00390625 0.00703125
0 0.41875 0.17421875 0.003125 0.00625
0 0.38515625 0.11953125 0.003125 0.00625
0 0.365625 0.178125 0.003125 0.00625
0 0.090625 0.33515625 0.00625 0.00703125
0 0.12734375 0.35546875 0.0046875 0.01171875
0 0.16875 0.34375 0.0046875 0.00859375
0 0.1140625 0.425 0.0046875 0.01015625
0 0.08359375 0.45390625 0.00859375 0.01328125
0 0.04765625 0.453125 0.009375 0.01171875
0 0.009375 0.3953125 0.00625 0.01171875
0 0.0328125 0.3453125 0.0046875 0.00859375
0 0.028125 0.2890625 0.00625 0.01171875
0 0.06640625 0.29375 0.00390625 0.00859375
0 0.075 0.2609375 0.0046875 0.00703125
0 0.1125 0.25078125 0.00390625 0.00703125
0 0.128125 0.24609375 0.00390625 0.00703125
0 0.15625 0.2421875 0.00390625 0.00625
0 0.17265625 0.234375 0.0046875 0.00859375
0 0.19453125 0.2375 0.00390625 0.00625
0 0.1890625 0.284375 0.003125 0.00703125
0 0.2390625 0.26875 0.0046875 0.00859375
0 0.159375 0.4015625 0.0046875 0.00859375
0 0.0015625 0.4734375 0.003125 0.01171875
0 0.3390625 0.103125 0.003125 0.00625
0 0.409375 0.09296875 0.0015625 0.0046875
0 0.36875 0.08828125 0.003125 0.0046875
0 0.1234375 0.8953125 0.01171875 0.025
0 0.9875 0.38515625 0.00625 0.01484375
0 0.83515625 0.19609375 0.00390625 0.00703125
0 0.86015625 0.19609375 0.0046875 0.00703125
0 0.88125 0.2078125 0.00390625 0.00859375
0 0.903125 0.2125 0.0046875 0.00703125
0 0.91640625 0.209375 0.0046875 0.00859375
0 0.9390625 0.20234375 0.0046875 0.01015625
0 0.96328125 0.2109375 0.0046875 0.00703125
0 0.98828125 0.2125 0.00390625 0.00859375
0 0.86015625 0.25390625 0.00703125 0.01328125
0 0.92734375 0.240625 0.0046875 0.01015625
0 0.94296875 0.284375 0.0046875 0.01015625
0 0.96171875 0.290625 0.0046875 0.01015625
0 0.78125 0.19921875 0.00390625 0.00625
0 0.79765625 0.25390625 0.00390625 0.00703125
0 0.77734375 0.24921875 0.00390625 0.00859375
0 0.82734375 0.25078125 0.00390625 0.01015625
0 0.82109375 0.2171875 0.003125 0.00703125
0 0.98203125 0.24609375 0.0046875 0.01015625
0 0.903125 0.340625 0.00703125 0.01171875
0 0.8625 0.321875 0.0046875 0.00859375
0 0.81953125 0.3140625 0.00625 0.01171875
0 0.78515625 0.30703125 0.00625 0.01171875
0 0.8578125 0.38515625 0.00625 0.01171875
0 0.91328125 0.40234375 0.00625 0.01015625
0 0.9828125 0.440625 0.0078125 0.01171875
0 0.96328125 0.3734375 0.0046875 0.01171875
0 0.89921875 0.259375 0.0046875 0.00859375
0 0.95234375 0.24453125 0.0046875 0.00859375
0 0.89375 0.240625 0.0046875 0.00859375
0 0.68671875 0.35390625 0.00625 0.01015625
0 0.6515625 0.35859375 0.00625 0.01171875
0 0.65703125 0.3890625 0.00703125 0.01171875
0 0.60625 0.3953125 0.00625 0.01171875
0 0.5859375 0.35703125 0.00390625 0.00859375
0 0.61640625 0.35234375 0.0078125 0.01328125
0 0.5484375 0.35390625 0.00390625 0.00859375
0 0.5140625 0.365625 0.00390625 0.00625
0 0.5125 0.3984375 0.0046875 0.00859375
0 0.5953125 0.29609375 0.00625 0.01015625
0 0.5875 0.234375 0.00390625 0.00703125
0 0.615625 0.23046875 0.00390625 0.00703125
0 0.5171875 0.2359375 0.00390625 0.00859375
0 0.4953125 0.2125 0.00390625 0.00703125
0 0.478125 0.2140625 0.00390625 0.00703125
0 0.49375 0.24765625 0.0046875 0.01015625
0 0.54296875 0.24609375 0.00390625 0.00703125
0 0.75390625 0.240625 0.00625 0.01015625
0 0.73515625 0.240625 0.0046875 0.01015625
0 0.66875 0.2328125 0.0046875 0.00859375
0 0.6890625 0.234375 0.00390625 0.00859375
0 0.6453125 0.23046875 0.0046875 0.00859375
0 0.5921875 0.20390625 0.00390625 0.00859375
0 0.67265625 0.19140625 0.00390625 0.00859375
0 0.68671875 0.19140625 0.00390625 0.00859375
0 0.7171875 0.19609375 0.0046875 0.00859375
0 0.521875 0.20390625 0.0046875 0.00625
0 0.5578125 0.2046875 0.003125 0.00625
0 0.6046875 0.12109375 0.003125 0.00625
0 0.5265625 0.11796875 0.003125 0.00625
0 0.56015625 0.23125 0.0046875 0.00859375
0 0.728125 0.15625 0.00390625 0.00703125
0 0.69609375 0.1578125 0.00390625 0.00625
0 0.646875 0.159375 0.00390625 0.00703125
0 0.603125 0.16484375 0.00390625 0.00625
0 0.5671875 0.1640625 0.00390625 0.00625
0 0.5375 0.159375 0.00390625 0.00625
0 0.5 0.1546875 0.00390625 0.0046875
0 0.3265625 0.23125 0.003125 0.00625
0 0.34375 0.25234375 0.00390625 0.00859375
0 0.3828125 0.25078125 0.00390625 0.00859375
0 0.36015625 0.3734375 0.0046875 0.01015625
0 0.30859375 0.265625 0.00625 0.00859375
0 0.228125 0.3734375 0.0046875 0.00703125
0 0.2328125 0.234375 0.00390625 0.00703125
0 0.2203125 0.22734375 0.00390625 0.00703125
0 0.20703125 0.22578125 0.00390625 0.00703125
0 0.25703125 0.234375 0.003125 0.00625
0 0.42265625 0.24921875 0.00390625 0.00703125
0 0.41875 0.30703125 0.00390625 0.00859375
0 0.4578125 0.25078125 0.00390625 0.00703125
0 0.459375 0.38515625 0.0078125 0.01328125
0 0.28828125 0.375 0.00390625 0.00703125
0 0.55625 0.40546875 0.00390625 0.00703125
0 0.47890625 0.36015625 0.003125 0.00703125
0 0.58984375 0.09140625 0.0015625 0.003125
0 0.45390625 0.13984375 0.003125 0.0046875
0 0.375 0.21953125 0.00390625 0.00703125
0 0.42421875 0.21796875 0.003125 0.00859375
0 0.45546875 0.103125 0.003125 0.00703125
0 0.69609375 0.4 0.00703125 0.01328125
0 0.746875 0.4015625 0.00703125 0.01171875
0 0.7203125 0.36171875 0.00625 0.01171875
0 0.078125 0.371875 0.009375 0.01484375
0 0.69375 0.29921875 0.00625 0.01171875