0 0.53359375 0.3765625 0.03828125 0.06640625
0 0.6140625 0.6546875 0.021875 0.0484375
0 0.79375 0.603125 0.03984375 0.0625
0 0.97734375 0.62265625 0.03203125 0.05703125
0 0.99140625 0.63828125 0.01640625 0.046875
0 0.13125 0.9671875 0.0265625 0.04453125
0 0.14609375 0.98515625 0.0140625 0.0296875
0 0.165625 0.96484375 0.01875 0.03125
0 0.0140625 0.5375 0.0078125 0.015625
0 0.49140625 0.0078125 0.00703125 0.01015625
0 0.5140625 0.0078125 0.00859375 0.01015625
0 0.68828125 0.03671875 0.0078125 0.01328125