0 0.85390625 0.77109375 0.01484375 0.04921875
0 0.94609375 0.45859375 0.025 0.04140625
0 0.8984375 0.59765625 0.01171875 0.01796875
0 0.8890625 0.5953125 0.0109375 0.02109375
0 0.896875 0.65 0.01484375 0.025
0 0.36796875 0.478125 0.021875 0.03515625
0 0.0328125 0.55625 0.01484375 0.02109375
0 0.165625 0.44765625 0.009375 0.01796875
0 0.20703125 0.43359375 0.009375 0.01953125
0 0.153125 0.52734375 0.00859375 0.0171875
0 0.07734375 0.48984375 0.0109375 0.015625
0 0.0984375 0.45703125 0.009375 0.01953125
0 0.2734375 0.4296875 0.0078125 0.01171875
0 0.1421875 0.45078125 0.00859375 0.01171875
0 0.01015625 0.4359375 0.0109375 0.01953125
0 0.0921875 0.4296875 0.009375 0.0171875
0 0.9765625 0.453125 0.021875 0.0390625
0 0.9921875 0.4203125 0.015625 0.0296875
0 0.93828125 0.41796875 0.01484375 0.01953125