0 0.0421875 0.5453125 0.028125 0.046875
0 0.26484375 0.50546875 0.03125 0.05078125
0 0.33671875 0.50390625 0.01875 0.02890625
0 0.13046875 0.4984375 0.0125 0.021875
0 0.09140625 0.52578125 0.0203125 0.03359375
0 0.2375 0.50234375 0.0203125 0.0328125
0 0.2984375 0.359375 0.009375 0.01328125
0 0.546875 0.49375 0.03515625 0.0546875
0 0.4671875 0.4828125 0.0265625 0.04453125
0 0.4484375 0.46875 0.0234375 0.03671875
0 0.38359375 0.490625 0.015625 0.02578125
0 0.6234375 0.52578125 0.01953125 0.03515625
0 0.58125 0.49375 0.015625 0.02734375
0 0.4890625 0.49609375 0.01484375 0.021875
0 0.66875 0.478125 0.01171875 0.01953125
0 0.60859375 0.48828125 0.0109375 0.0171875
0 0.7203125 0.4625 0.0171875 0.02734375
0 0.790625 0.475 0.015625 0.021875
0 0.7640625 0.478125 0.01171875 0.01796875
0 0.853125 0.38671875 0.04296875 0.06875
0 0.65 0.51328125 0.01640625 0.0234375
0 0.96484375 0.4703125 0.0453125 0.05703125