0 0.803125 0.2125 0.0359375 0.05390625
0 0.91875 0.12734375 0.01875 0.03671875
0 0.940625 0.1203125 0.015625 0.04375
0 0.96328125 0.159375 0.01875 0.04375
0 0.98203125 0.1625 0.0109375 0.04375
0 0.978125 0.04375 0.0109375 0.025
0 0.89765625 0.05390625 0.0140625 0.03046875
0 0.89140625 0.1125 0.0125 0.03359375
0 0.76171875 0.01328125 0.025 0.0265625
0 0.6234375 0.15234375 0.03046875 0.05546875
0 0.91640625 0.0140625 0.01640625 0.028125
0 0.1609375 0.2828125 0.0296875 0.0640625
0 0.346875 0.17890625 0.0296875 0.05234375
0 0.2140625 0.12734375 0.0296875 0.05703125
0 0.45234375 0.08671875 0.02734375 0.05546875