0 0.0140625 0.11328125 0.0125 0.0234375
0 0.09453125 0.078125 0.01171875 0.02109375
0 0.13984375 0.09453125 0.01875 0.0265625
0 0.06796875 0.13359375 0.01640625 0.0234375
0 0.11953125 0.17890625 0.01875 0.0265625
0 0.08828125 0.1984375 0.034375 0.0359375
0 0.03984375 0.20703125 0.0265625 0.034375
0 0.01640625 0.16953125 0.0234375 0.03203125
0 0.009375 0.271875 0.01484375 0.0421875
0 0.03671875 0.3578125 0.04375 0.0515625
0 0.0265625 0.45078125 0.0375 0.0546875
0 0.04375 0.59375 0.06875 0.08203125
0 0.15703125 0.5390625 0.08515625 0.11015625
0 0.24375 0.54375 0.06640625 0.05
0 0.39921875 0.43671875 0.0484375 0.08046875
0 0.48515625 0.40546875 0.0484375 0.08125
0 0.41484375 0.34375 0.04765625 0.059375
0 0.48359375 0.34609375 0.04609375 0.0671875
0 0.259375 0.39453125 0.04765625 0.07890625
0 0.19765625 0.259375 0.04765625 0.07578125
0 0.121875 0.2359375 0.0453125 0.0671875
0 0.1859375 0.165625 0.0265625 0.0390625
0 0.24765625 0.19609375 0.028125 0.0390625
0 0.2828125 0.190625 0.0265625 0.03359375
0 0.28984375 0.22265625 0.03203125 0.0515625
0 0.2375 0.115625 0.0171875 0.0234375
0 0.2796875 0.10703125 0.0171875 0.02578125
0 0.246875 0.07265625 0.0125 0.01015625
0 0.35625 0.1578125 0.02734375 0.0390625
0 0.3390625 0.1484375 0.0203125 0.0265625
0 0.39375 0.22734375 0.04765625 0.053125
0 0.38515625 0.30078125 0.034375 0.0515625
0 0.44921875 0.2609375 0.040625 0.04453125
0 0.5328125 0.27265625 0.0421875 0.05
0 0.6078125 0.3484375 0.05078125 0.0734375
0 0.5984375 0.21484375 0.03984375 0.0546875
0 0.50859375 0.1890625 0.0375 0.04765625
0 0.5484375 0.1484375 0.0296875 0.03984375
0 0.5984375 0.14375 0.034375 0.04375
0 0.6734375 0.18046875 0.03984375 0.0671875
0 0.66875 0.10546875 0.02265625 0.0390625
0 0.6328125 0.1046875 0.03125 0.03671875
0 0.57109375 0.0859375 0.02734375 0.03359375
0 0.53671875 0.1 0.0265625 0.0390625
0 0.4984375 0.115625 0.021875 0.0296875
0 0.4734375 0.0890625 0.0203125 0.0296875
0 0.446875 0.08984375 0.028125 0.0359375
0 0.4359375 0.14140625 0.0234375 0.034375
0 0.38671875 0.125 0.021875 0.03203125
0 0.4015625 0.0890625 0.015625 0.02890625
0 0.35859375 0.08046875 0.0234375 0.0234375
0 0.4390625 0.0546875 0.021875 0.01796875
0 0.51171875 0.0359375 0.0140625 0.01875
0 0.634375 0.03984375 0.01171875 0.0125
0 0.659375 0.06875 0.0234375 0.01875
0 0.715625 0.06328125 0.01875 0.03125
0 0.69375 0.04453125 0.01875 0.015625
0 0.81171875 0.04765625 0.01484375 0.02109375
0 0.83984375 0.04921875 0.01953125 0.028125
0 0.8671875 0.0734375 0.021875 0.03984375
0 0.903125 0.11328125 0.03203125 0.04453125
0 0.82890625 0.19453125 0.0484375 0.053125
0 0.74921875 0.19609375 0.04296875 0.05546875
0 0.759375 0.115625 0.03828125 0.05234375
0 0.715625 0.12109375 0.03125 0.0421875
0 0.6015625 0.04453125 0.009375 0.01484375
0 0.73359375 0.29296875 0.040625 0.05703125
0 0.76953125 0.309375 0.0328125 0.0734375
0 0.7796875 0.4 0.065625 0.09453125
0 0.91484375 0.4625 0.06953125 0.12109375
0 0.94375 0.2375 0.0515625 0.0453125
0 0.9640625 0.0765625 0.03046875 0.04140625
0 0.94921875 0.04375 0.0296875 0.0421875
0 0.98515625 0.04765625 0.0203125 0.03125
0 0.93671875 0.06015625 0.025 0.03125
0 0.8953125 0.03359375 0.0203125 0.02890625
0 0.921875 0.02890625 0.025 0.0203125
0 0.775 0.03125 0.0203125 0.02421875
0 0.5375 0.03359375 0.01953125 0.0234375
0 0.1875 0.05546875 0.0078125 0.01484375
0 0.2046875 0.0265625 0.0078125 0.01640625
0 0.28515625 0.02421875 0.015625 0.01484375
0 0.928125 0.36953125 0.0671875 0.07578125
0 0.8109375 0.70078125 0.115625 0.1546875
0 0.6703125 0.7453125 0.03125 0.06484375
0 0.5015625 0.78359375 0.0390625 0.0890625
0 0.50234375 0.72265625 0.0359375 0.07265625
0 0.80390625 0.01640625 0.0171875 0.01875
0 0.66875 0.02109375 0.0203125 0.0265625
0 0.61015625 0.01875 0.01953125 0.02265625
0 0.59375 0.01484375 0.01171875 0.01875
0 0.396875 0.00703125 0.01171875 0.0109375
0 0.8734375 0.009375 0.015625 0.01875
0 0.8328125 0.01328125 0.01640625 0.02109375
0 0.7796875 0.06796875 0.0171875 0.03203125