0 0.15546875 0.42734375 0.0328125 0.0640625
0 0.346875 0.40078125 0.03046875 0.05
0 0.403125 0.35859375 0.0359375 0.0734375
0 0.53359375 0.38046875 0.0203125 0.0515625
0 0.63203125 0.3296875 0.0296875 0.06015625
0 0.771875 0.26640625 0.04765625 0.07734375
0 0.9125 0.2578125 0.0328125 0.06328125
0 0.2234375 0.92109375 0.0375 0.12734375
0 0.75234375 0.31953125 0.02421875 0.046875
0 0.40703125 0.21640625 0.0078125 0.01015625
0 0.421875 0.21484375 0.0078125 0.01328125
0 0.4390625 0.209375 0.00703125 0.01171875
0 0.46171875 0.2046875 0.00703125 0.01171875
0 0.478125 0.2078125 0.00703125 0.01171875
0 0.4734375 0.2328125 0.0109375 0.01328125
0 0.45390625 0.23828125 0.00859375 0.01484375
0 0.4296875 0.24296875 0.009375 0.01640625
0 0.41640625 0.25 0.00859375 0.01328125