0 0.00234375 0.771875 0.0046875 0.02421875
0 0.0171875 0.78515625 0.0078125 0.021875
0 0.0421875 0.78515625 0.00859375 0.02421875
0 0.0609375 0.76328125 0.00390625 0.021875
0 0.0703125 0.78203125 0.0078125 0.02421875
0 0.0875 0.74765625 0.00703125 0.021875
0 0.0921875 0.790625 0.00859375 0.0296875
0 0.1296875 0.771875 0.0109375 0.0375
0 0.0328125 0.95390625 0.034375 0.0921875
0 0.03125 0.828125 0.01171875 0.040625
0 0.0421875 0.85234375 0.01953125 0.05390625
0 0.06640625 0.86328125 0.015625 0.0453125
0 0.11171875 0.8390625 0.01484375 0.04296875
0 0.13046875 0.90625 0.0203125 0.06484375
0 0.13671875 0.8359375 0.009375 0.0375
0 0.14140625 0.88671875 0.01484375 0.05390625
0 0.16015625 0.84140625 0.01171875 0.040625
0 0.17734375 0.9703125 0.0203125 0.05625
0 0.17890625 0.7953125 0.009375 0.03203125
0 0.19765625 0.81171875 0.0125 0.0375
0 0.21015625 0.82265625 0.0125 0.0375
0 0.20390625 0.87890625 0.0109375 0.04296875
0 0.2171875 0.88203125 0.0203125 0.0671875
0 0.26875 0.978125 0.03515625 0.04296875
0 0.25078125 0.865625 0.0203125 0.07265625
0 0.28828125 0.828125 0.0125 0.03515625
0 0.34921875 0.978125 0.034375 0.04296875
0 0.35859375 0.8921875 0.0125 0.04296875
0 0.2984375 0.7765625 0.00625 0.02421875
0 0.26875 0.76875 0.00859375 0.0375
0 0.340625 0.8359375 0.0109375 0.03203125
0 0.353125 0.809375 0.009375 0.0265625
0 0.3640625 0.828125 0.0078125 0.0296875
0 0.353125 0.8390625 0.0125 0.03515625
0 0.36640625 0.8921875 0.009375 0.03203125
0 0.403125 0.7984375 0.00859375 0.0265625
0 0.41171875 0.9328125 0.01875 0.06953125
0 0.41875 0.8546875 0.0109375 0.04296875
0 0.4328125 0.8390625 0.009375 0.0375
0 0.459375 0.83046875 0.0140625 0.0453125
0 0.46640625 0.9546875 0.02265625 0.07265625
0 0.48125 0.83359375 0.009375 0.03515625
0 0.48515625 0.90859375 0.0171875 0.0671875
0 0.4953125 0.81171875 0.009375 0.0296875
0 0.509375 0.86796875 0.01171875 0.05078125
0 0.52109375 0.82265625 0.00859375 0.0296875
0 0.56953125 0.84921875 0.01171875 0.040625
0 0.57578125 0.90859375 0.01875 0.05625
0 0.54140625 0.97578125 0.02421875 0.0484375
0 0.5453125 0.80078125 0.00703125 0.02421875
0 0.6140625 0.9546875 0.01875 0.06953125
0 0.65 0.884375 0.0140625 0.0671875
0 0.62265625 0.84921875 0.00859375 0.0296875
0 0.6609375 0.865625 0.0140625 0.05390625
0 0.68828125 0.84375 0.009375 0.03515625
0 0.6734375 0.81953125 0.00625 0.01640625
0 0.725 0.97578125 0.03828125 0.0484375
0 0.7546875 0.94609375 0.01640625 0.06484375
0 0.77265625 0.90625 0.01484375 0.04296875
0 0.7484375 0.88984375 0.00859375 0.0296875
0 0.7953125 0.9703125 0.0203125 0.059375
0 0.83359375 0.90625 0.01640625 0.06484375
0 0.7796875 0.7953125 0.0046875 0.01640625
0 0.82578125 0.81484375 0.0046875 0.01640625
0 0.84375 0.83359375 0.00625 0.01640625
0 0.871875 0.87890625 0.00703125 0.02421875
0 0.88046875 0.87890625 0.0046875 0.021875
0 0.87734375 0.85234375 0.00703125 0.02421875
0 0.903125 0.846875 0.00859375 0.0296875
0 0.9375 0.86015625 0.0078125 0.0296875
0 0.9296875 0.94609375 0.02734375 0.08046875
0 0.96171875 0.9546875 0.0171875 0.05078125
0 0.959375 0.8765625 0.0109375 0.0296875
0 0.9625 0.84375 0.0109375 0.021875
0 0.73359375 0.825 0.00625 0.021875
0 0.97890625 0.83046875 0.00703125 0.021875
0 0.9921875 0.84921875 0.009375 0.0296875
0 0.99296875 0.884375 0.0109375 0.03203125