0 0.6671875 0.21640625 0.0375 0.06953125
0 0.81953125 0.21796875 0.034375 0.05703125
0 0.84375 0.228125 0.01953125 0.04140625
0 0.165625 0.18671875 0.028125 0.06640625
0 0.27421875 0.20703125 0.02421875 0.05859375
0 0.34140625 0.17109375 0.028125 0.05859375
0 0.48828125 0.265625 0.040625 0.08359375
0 0.415625 0.20703125 0.0234375 0.05234375
0 0.00625 0.23125 0.01171875 0.04765625
0 0.91640625 0.18984375 0.00703125 0.0125
0 0.96953125 0.2546875 0.0078125 0.0140625
0 0.9046875 0.259375 0.00703125 0.0140625
0 0.88515625 0.18515625 0.00703125 0.0109375
0 0.9515625 0.19296875 0.01171875 0.0171875
0 0.93125 0.1234375 0.00625 0.0140625
0 0.965625 0.1328125 0.00703125 0.0140625
0 0.95546875 0.1515625 0.00703125 0.0109375
0 0.85859375 0.17109375 0.00625 0.0140625
0 0.859375 0.11875 0.00625 0.0109375
0 0.89921875 0.11875 0.00703125 0.0140625
0 0.94140625 0.221875 0.00625 0.0109375
0 0.97109375 0.221875 0.0046875 0.009375
0 0.878125 0.2234375 0.00625 0.0140625
0 0.74140625 0.2203125 0.0046875 0.0125
0 0.7078125 0.21328125 0.00625 0.0125
0 0.7203125 0.17890625 0.00390625 0.0109375
0 0.759375 0.18203125 0.0078125 0.0140625
0 0.73046875 0.115625 0.0078125 0.0171875
0 0.7234375 0.140625 0.0078125 0.0140625
0 0.7640625 0.146875 0.0046875 0.0140625
0 0.76953125 0.1109375 0.0078125 0.0140625
0 0.6890625 0.15 0.00703125 0.0140625
0 0.696875 0.1171875 0.00703125 0.0109375
0 0.70390625 0.0234375 0.00703125 0.0109375
0 0.73515625 0.0265625 0.00703125 0.0125
0 0.771875 0.0265625 0.00703125 0.0125
0 0.90546875 0.06171875 0.00703125 0.0140625
0 0.94609375 0.06484375 0.0046875 0.0109375
0 0.91484375 0.03515625 0.00703125 0.0109375
0 0.53984375 0.04921875 0.0078125 0.0109375
0 0.565625 0.096875 0.0078125 0.0171875
0 0.571875 0.0078125 0.00703125 0.0109375
0 0.51328125 0.0140625 0.00703125 0.0140625
0 0.56640625 0.05234375 0.00625 0.0109375
0 0.3625 0.04765625 0.0078125 0.0140625
0 0.49140625 0.0265625 0.00703125 0.0125
0 0.60859375 0.01875 0.00625 0.0125
0 0.1015625 0.07734375 0.00625 0.009375
0 0.1125 0.0953125 0.0046875 0.009375
0 0.1 0.13125 0.00625 0.0109375
0 0.13125 0.125 0.00703125 0.0125
0 0.13359375 0.07734375 0.0046875 0.0109375
0 0.05546875 0.1546875 0.00625 0.0125
0 0.06171875 0.11875 0.00625 0.0125
0 0.075 0.16171875 0.00703125 0.0125
0 0.16015625 0.121875 0.00625 0.0140625
0 0.15 0.096875 0.00703125 0.0125
0 0.165625 0.06171875 0.00859375 0.0171875
0 0.0921875 0.03828125 0.0046875 0.009375
0 0.146875 0.03203125 0.00703125 0.0125
0 0.17109375 0.025 0.0078125 0.0140625
0 0.246875 0.03515625 0.00625 0.0125
0 0.271875 0.015625 0.00625 0.0125
0 0.028125 0.03671875 0.0078125 0.0140625
0 0.09765625 0.0078125 0.0078125 0.0109375
0 0.0484375 0.009375 0.00625 0.0109375
0 0.87265625 0.06015625 0.00703125 0.0140625
0 0.803125 0.03359375 0.00625 0.0125