0 0.0890625 0.38671875 0.01875 0.03359375
0 0.08125 0.38125 0.01875 0.0390625
0 0.0265625 0.4109375 0.01953125 0.03671875
0 0.01640625 0.3921875 0.0125 0.0203125
0 0.00703125 0.3625 0.00390625 0.0125
0 0.0484375 0.371875 0.00390625 0.009375
0 0.05625 0.38515625 0.0046875 0.0078125
0 0.15078125 0.35859375 0.03046875 0.0484375
0 0.11328125 0.3421875 0.00625 0.0109375
0 0.1953125 0.31640625 0.0390625 0.0609375
0 0.134375 0.35859375 0.0203125 0.0390625
0 0.2625 0.2546875 0.01640625 0.03203125
0 0.2796875 0.23828125 0.01640625 0.03359375
0 0.32890625 0.26796875 0.04609375 0.07578125
0 0.3828125 0.24296875 0.0078125 0.02734375
0 0.4296875 0.24296875 0.0078125 0.02578125
0 0.45625 0.2546875 0.00703125 0.0171875
0 0.475 0.25234375 0.0078125 0.0171875
0 0.496875 0.2328125 0.009375 0.0171875
0 0.46484375 0.2453125 0.00625 0.0125
0 0.509375 0.31015625 0.0140625 0.01875
0 0.51484375 0.34609375 0.02265625 0.03359375
0 0.54609375 0.2046875 0.009375 0.01484375
0 0.51484375 0.24140625 0.00703125 0.0109375
0 0.559375 0.20859375 0.009375 0.0203125
0 0.58515625 0.16875 0.05390625 0.0875
0 0.64921875 0.2078125 0.00703125 0.009375
0 0.63125 0.2140625 0.00625 0.009375
0 0.6703125 0.2171875 0.0046875 0.009375
0 0.67734375 0.21171875 0.0046875 0.0125
0 0.68359375 0.21015625 0.00390625 0.009375
0 0.6921875 0.21328125 0.00703125 0.01328125
0 0.73125 0.20859375 0.00859375 0.0125
0 0.7375 0.1953125 0.0046875 0.0109375
0 0.74765625 0.1953125 0.00703125 0.01328125
0 0.753125 0.1875 0.00390625 0.0078125
0 0.74609375 0.3796875 0.0234375 0.03359375
0 0.7703125 0.18203125 0.0046875 0.0078125
0 0.84453125 0.2921875 0.0421875 0.059375
0 0.7734375 0.18046875 0.00390625 0.009375
0 0.784375 0.17890625 0.0078125 0.01328125
0 0.81875 0.18359375 0.00625 0.009375
0 0.8109375 0.203125 0.0078125 0.01328125
0 0.82421875 0.175 0.00390625 0.009375
0 0.83125 0.17421875 0.0046875 0.0109375
0 0.8609375 0.1578125 0.0046875 0.0109375
0 0.87578125 0.15078125 0.00703125 0.01484375
0 0.88984375 0.15625 0.0078125 0.01875
0 0.90859375 0.13984375 0.0046875 0.01328125
0 0.921875 0.13515625 0.0140625 0.021875
0 0.94921875 0.125 0.0078125 0.01484375
0 0.940625 0.13515625 0.00625 0.0078125
0 0.975 0.10546875 0.009375 0.0203125
0 0.99453125 0.096875 0.00859375 0.01484375
0 0.9796875 0.11328125 0.00625 0.009375
0 0.990625 0.1859375 0.0078125 0.01328125
0 0.98125 0.19375 0.0078125 0.0125
0 0.51640625 0.26015625 0.00703125 0.0125
0 0.396875 0.2640625 0.00859375 0.0171875
0 0.9890625 0.13984375 0.00703125 0.0171875
0 0.7546875 0.2046875 0.00625 0.0109375
0 0.70546875 0.20078125 0.00703125 0.009375
0 0.8078125 0.175 0.0078125 0.0125
0 0.9625 0.37734375 0.021875 0.02734375