0 0.146875 0.4609375 0.0296875 0.05234375
0 0.01484375 0.63125 0.0109375 0.02890625
0 0.0765625 0.73828125 0.0234375 0.0296875
0 0.2125 0.4921875 0.02265625 0.040625
0 0.25703125 0.509375 0.01484375 0.01953125
0 0.35078125 0.625 0.021875 0.04140625
0 0.35078125 0.49453125 0.01484375 0.025
0 0.40859375 0.50625 0.01484375 0.02734375
0 0.45703125 0.5171875 0.02734375 0.04296875
0 0.49296875 0.4515625 0.0171875 0.0328125
0 0.540625 0.50234375 0.015625 0.02734375
0 0.41171875 0.59921875 0.01484375 0.02734375
0 0.53984375 0.4625 0.00703125 0.01171875
0 0.57265625 0.490625 0.00703125 0.009375
0 0.6203125 0.459375 0.01953125 0.02734375
0 0.621875 0.48828125 0.0171875 0.03125
0 0.6609375 0.475 0.0296875 0.05703125
0 0.73046875 0.48984375 0.0171875 0.02890625
0 0.7640625 0.45859375 0.0140625 0.0234375