0 0.2515625 0.6640625 0.0109375 0.01796875
0 0.21015625 0.54921875 0.009375 0.01328125
0 0.053125 0.5625 0.0109375 0.01328125
0 0.15703125 0.48828125 0.0109375 0.0140625
0 0.11875 0.44140625 0.009375 0.009375
0 0.065625 0.42734375 0.009375 0.0140625
0 0.13984375 0.27890625 0.00625 0.01171875
0 0.21484375 0.2328125 0.00625 0.009375
0 0.246875 0.35 0.0078125 0.01015625
0 0.2921875 0.3296875 0.0078125 0.01171875
0 0.32890625 0.35703125 0.0078125 0.01015625
0 0.3546875 0.3375 0.0078125 0.01015625
0 0.3375 0.42578125 0.00859375 0.01171875
0 0.23984375 0.43359375 0.00859375 0.01015625
0 0.29765625 0.49765625 0.0109375 0.01171875
0 0.4828125 0.2359375 0.0046875 0.009375
0 0.5015625 0.28359375 0.0046875 0.01015625
0 0.43203125 0.36328125 0.00703125 0.01015625
0 0.4953125 0.3734375 0.0078125 0.01015625
0 0.54453125 0.35 0.00703125 0.01015625
0 0.4453125 0.42578125 0.009375 0.01328125
0 0.6 0.37109375 0.0078125 0.01171875
0 0.68125 0.375 0.00859375 0.01171875
0 0.70859375 0.40234375 0.00859375 0.01171875
0 0.66875 0.40625 0.0078125 0.01171875
0 0.578125 0.43125 0.009375 0.0140625
0 0.75078125 0.30234375 0.00390625 0.01015625
0 0.76484375 0.24609375 0.00625 0.01015625
0 0.9734375 0.32265625 0.0046875 0.01015625
0 0.5125 0.484375 0.00859375 0.01328125
0 0.48984375 0.52890625 0.00859375 0.01171875
0 0.46015625 0.5703125 0.0109375 0.0171875
0 0.6046875 0.57421875 0.009375 0.01328125
0 0.5921875 0.5390625 0.0109375 0.0140625
0 0.6046875 0.48984375 0.009375 0.01015625
0 0.65390625 0.5171875 0.00859375 0.01328125
0 0.6734375 0.46484375 0.009375 0.01328125
0 0.6984375 0.48828125 0.01171875 0.01171875
0 0.69609375 0.5390625 0.01171875 0.01328125
0 0.78203125 0.47421875 0.009375 0.01171875
0 0.76953125 0.509375 0.009375 0.0140625
0 0.8390625 0.56484375 0.01171875 0.0140625
0 0.7609375 0.58828125 0.009375 0.0140625
0 0.903125 0.6421875 0.01171875 0.02109375
0 0.43671875 0.725 0.01171875 0.02109375
0 0.5421875 0.68359375 0.01171875 0.0171875
0 0.56796875 0.7515625 0.0125 0.01796875