0 0.703125 0.453125 0.0703125 0.0953125
0 0.54375 0.3296875 0.06953125 0.1109375
0 0.38671875 0.35 0.05078125 0.09140625
0 0.31328125 0.265625 0.0359375 0.0703125
0 0.78046875 0.30234375 0.01875 0.053125
0 0.22578125 0.38515625 0.02265625 0.0546875
0 0.21953125 0.33203125 0.0234375 0.03125
0 0.0484375 0.38671875 0.02421875 0.0484375
0 0.00625 0.3421875 0.009375 0.01796875
0 0.0671875 0.34375 0.0125 0.025
0 0.0875 0.34765625 0.00625 0.01015625
0 0.0921875 0.35 0.0046875 0.01015625
0 0.10703125 0.34609375 0.0109375 0.0140625
0 0.1171875 0.34375 0.00625 0.0140625
0 0.12890625 0.3421875 0.0078125 0.01796875
0 0.11484375 0.44296875 0.01875 0.0296875
0 0.14921875 0.3453125 0.00703125 0.01171875