0 0.76875 0.5125 0.01171875 0.01953125
0 0.7375 0.4421875 0.01484375 0.025
0 0.6859375 0.4546875 0.0140625 0.01953125
0 0.64921875 0.4734375 0.01171875 0.01796875
0 0.63671875 0.4734375 0.01171875 0.021875
0 0.58671875 0.45390625 0.0109375 0.015625
0 0.48984375 0.234375 0.0125 0.01796875
0 0.50078125 0.284375 0.0109375 0.01953125
0 0.4546875 0.26875 0.009375 0.01796875
0 0.41796875 0.2921875 0.009375 0.01796875
0 0.40546875 0.27265625 0.01484375 0.015625
0 0.29609375 0.51796875 0.0109375 0.01796875
0 0.69140625 0.5375 0.0140625 0.02109375