0 0.540625 0.36875 0.009375 0.021875
0 0.56875 0.384375 0.01640625 0.03984375
0 0.82109375 0.346875 0.0140625 0.0265625
0 0.72890625 0.35546875 0.01640625 0.0296875
0 0.88359375 0.35234375 0.00859375 0.01875
0 0.9484375 0.35078125 0.00859375 0.01796875
0 0.040625 0.384375 0.01484375 0.028125
0 0.13125 0.3859375 0.01875 0.03359375
0 0.15390625 0.3703125 0.01484375 0.0265625
0 0.07109375 0.371875 0.009375 0.01796875
0 0.10546875 0.3640625 0.01171875 0.021875
0 0.178125 0.3640625 0.009375 0.01875
0 0.028125 0.359375 0.0125 0.021875
0 0.0578125 0.3875 0.0109375 0.021875
0 0.24140625 0.37421875 0.015625 0.03046875
0 0.24921875 0.35390625 0.009375 0.01875
0 0.28046875 0.35546875 0.0125 0.0234375
0 0.3375 0.34375 0.0109375 0.0234375
0 0.35078125 0.35546875 0.0125 0.028125
0 0.453125 0.409375 0.02734375 0.046875
0 0.40546875 0.371875 0.0125 0.0234375
0 0.3234375 0.3953125 0.034375 0.06640625
0 0.49375 0.3390625 0.01171875 0.021875
0 0.5921875 0.34375 0.0109375 0.01796875
0 0.98515625 0.3359375 0.01953125 0.03984375