0 0.0484375 0.13828125 0.01171875 0.03515625
0 0.103125 0.15703125 0.009375 0.03828125
0 0.1515625 0.17109375 0.009375 0.03515625
0 0.18828125 0.13515625 0.01171875 0.03828125
0 0.0265625 0.28203125 0.01171875 0.0296875
0 0.071875 0.2875 0.01171875 0.040625
0 0.115625 0.2578125 0.0109375 0.03828125
0 0.16796875 0.2765625 0.009375 0.03515625
0 0.0328125 0.41484375 0.0125 0.04375
0 0.08203125 0.41484375 0.0140625 0.04609375
0 0.12734375 0.43125 0.0125 0.04375
0 0.1765625 0.40078125 0.01171875 0.0484375
0 0.05 0.55859375 0.0140625 0.03828125
0 0.13359375 0.571875 0.0125 0.0484375
0 0.23046875 0.14921875 0.01171875 0.040625
0 0.27265625 0.1625 0.0109375 0.0328125
0 0.31875 0.13515625 0.01171875 0.03515625
0 0.36015625 0.14375 0.01171875 0.03828125
0 0.21015625 0.27890625 0.0109375 0.03515625
0 0.259375 0.3171875 0.0125 0.040625
0 0.30234375 0.28203125 0.0109375 0.03515625
0 0.35 0.27890625 0.0109375 0.040625
0 0.22734375 0.40625 0.0109375 0.040625
0 0.271875 0.4390625 0.0109375 0.040625
0 0.3234375 0.3984375 0.01171875 0.0515625
0 0.221875 0.5796875 0.01171875 0.040625
0 0.31171875 0.590625 0.01171875 0.0484375
0 0.40546875 0.10859375 0.0109375 0.03515625
0 0.46015625 0.11640625 0.0125 0.04375
0 0.5015625 0.10546875 0.01171875 0.040625
0 0.39453125 0.2578125 0.01171875 0.03828125
0 0.43671875 0.2765625 0.0109375 0.040625
0 0.484375 0.24921875 0.01171875 0.04375
0 0.5265625 0.28203125 0.01171875 0.040625
0 0.50625 0.38203125 0.01171875 0.0515625
0 0.45625 0.42578125 0.01171875 0.04375
0 0.415625 0.41171875 0.01171875 0.040625
0 0.371875 0.4203125 0.01171875 0.040625
0 0.39296875 0.5640625 0.0109375 0.04375
0 0.475 0.5828125 0.0109375 0.0484375
0 0.53046875 0.553125 0.0109375 0.0484375
0 0.59296875 0.53359375 0.0125 0.0515625
0 0.66875 0.55 0.01171875 0.0484375
0 0.546875 0.10859375 0.009375 0.0296875
0 0.59453125 0.125 0.01171875 0.040625
0 0.64375 0.08125 0.0125 0.04375
0 0.6890625 0.0890625 0.01171875 0.03515625
0 0.7296875 0.1328125 0.009375 0.03515625
0 0.57734375 0.27109375 0.01171875 0.04609375
0 0.6203125 0.265625 0.01171875 0.04375
0 0.66328125 0.26796875 0.0109375 0.040625
0 0.70546875 0.246875 0.0125 0.04375
0 0.55234375 0.37421875 0.0125 0.04609375
0 0.5953125 0.40078125 0.01171875 0.04609375
0 0.63984375 0.37109375 0.0125 0.04375
0 0.6828125 0.3578125 0.0125 0.03515625
0 0.72734375 0.390625 0.01171875 0.0484375
0 0.7703125 0.10859375 0.0125 0.03515625
0 0.81171875 0.1 0.0109375 0.03515625
0 0.85 0.121875 0.01171875 0.03515625
0 0.89765625 0.09765625 0.01171875 0.03828125
0 0.7484375 0.26015625 0.0109375 0.03828125
0 0.79453125 0.27109375 0.0109375 0.03828125
0 0.83671875 0.27109375 0.0109375 0.040625
0 0.8765625 0.28203125 0.01171875 0.040625
0 0.9171875 0.2765625 0.009375 0.03828125
0 0.7703125 0.390625 0.0125 0.03515625
0 0.81171875 0.365625 0.0125 0.040625
0 0.8625 0.346875 0.0140625 0.05390625
0 0.91328125 0.3390625 0.0125 0.03515625
0 0.753125 0.54453125 0.0140625 0.0484375
0 0.8578125 0.55 0.0125 0.0484375
0 0.94296875 0.125 0.0125 0.03515625
0 0.9625 0.2328125 0.0125 0.03828125
0 0.96328125 0.37421875 0.0125 0.040625
0 0.94609375 0.5203125 0.0125 0.04375