0 0.1265625 0.4125 0.04375 0.0625
0 0.03671875 0.48515625 0.028125 0.04921875
0 0.0546875 0.425 0.02734375 0.04140625
0 0.32734375 0.40625 0.01640625 0.025
0 0.390625 0.42734375 0.015625 0.025
0 0.29375 0.44140625 0.0109375 0.02109375
0 0.5296875 0.43515625 0.0328125 0.04765625
0 0.48828125 0.40859375 0.015625 0.02890625
0 0.440625 0.41875 0.0171875 0.02890625
0 0.546875 0.41875 0.01171875 0.02265625
0 0.55625 0.41015625 0.0109375 0.0171875
0 0.61953125 0.41015625 0.01484375 0.0234375
0 0.65625 0.41953125 0.0140625 0.0265625
0 0.3625 0.425 0.009375 0.01484375
0 0.68671875 0.4125 0.01484375 0.02109375
0 0.73359375 0.40078125 0.015625 0.02265625
0 0.74765625 0.40625 0.0125 0.02109375
0 0.88984375 0.39609375 0.0125 0.02734375
0 0.94765625 0.4109375 0.03984375 0.06640625
0 0.96796875 0.43203125 0.02734375 0.06015625
0 0.78046875 0.40859375 0.00859375 0.01484375