0 0.0765625 0.61640625 0.0078125 0.01328125
0 0.0546875 0.58125 0.00390625 0.00859375
0 0.0984375 0.6265625 0.00859375 0.01484375
0 0.103125 0.5859375 0.0078125 0.01484375
0 0.1125 0.6046875 0.00703125 0.01640625
0 0.12578125 0.59921875 0.0078125 0.01640625
0 0.134375 0.61640625 0.00859375 0.01171875
0 0.15078125 0.6015625 0.00703125 0.01328125
0 0.16484375 0.6234375 0.0078125 0.01640625
0 0.165625 0.59453125 0.0078125 0.01640625
0 0.2546875 0.6015625 0.0046875 0.01328125
0 0.2859375 0.5828125 0.00625 0.01171875
0 0.284375 0.63359375 0.00703125 0.01328125
0 0.3171875 0.603125 0.0078125 0.01484375
0 0.30703125 0.59140625 0.00859375 0.01484375
0 0.3015625 0.61953125 0.00625 0.01171875
0 0.334375 0.59765625 0.009375 0.01875
0 0.40546875 0.6765625 0.015625 0.0203125
0 0.4671875 0.55625 0.01171875 0.021875
0 0.4890625 0.56484375 0.01171875 0.025
0 0.24375 0.55078125 0.0109375 0.0265625
0 0.39921875 0.5796875 0.003125 0.00546875
0 0.4 0.59296875 0.0046875 0.00703125
0 0.51640625 0.6078125 0.00625 0.01328125
0 0.5984375 0.79765625 0.01640625 0.03359375
0 0.6359375 0.59921875 0.00859375 0.01640625
0 0.67265625 0.58828125 0.00859375 0.0203125
0 0.6921875 0.646875 0.0078125 0.01640625
0 0.71171875 0.57421875 0.01171875 0.021875
0 0.74140625 0.5640625 0.0125 0.021875
0 0.7640625 0.57578125 0.01171875 0.0203125
0 0.75703125 0.7703125 0.021875 0.03515625
0 0.88125 0.82734375 0.0171875 0.0265625
0 0.91171875 0.7859375 0.01875 0.03046875
0 0.95625 0.6296875 0.00859375 0.01640625
0 0.928125 0.6046875 0.00625 0.01171875