0 0.0578125 0.20703125 0.0234375 0.0484375
0 0.13671875 0.26640625 0.025 0.0484375
0 0.278125 0.221875 0.021875 0.04296875
0 0.30625 0.221875 0.0265625 0.05078125
0 0.3921875 0.2234375 0.02734375 0.05859375
0 0.44453125 0.221875 0.0265625 0.05703125
0 0.50390625 0.1828125 0.03125 0.0671875
0 0.6109375 0.2421875 0.0171875 0.04296875
0 0.72578125 0.215625 0.0234375 0.053125
0 0.840625 0.22734375 0.0234375 0.0546875
0 0.8140625 0.2625 0.02265625 0.05078125
0 0.88125 0.22578125 0.015625 0.03671875
0 0.915625 0.24765625 0.01953125 0.04296875
0 0.9453125 0.203125 0.0171875 0.03671875
0 0.2 0.23984375 0.01953125 0.04453125