0 0.19140625 0.490625 0.015625 0.021875
0 0.21953125 0.44375 0.01640625 0.028125
0 0.2453125 0.50234375 0.01484375 0.0234375
0 0.2859375 0.44765625 0.01484375 0.02890625
0 0.30625 0.47265625 0.015625 0.028125
0 0.34296875 0.4234375 0.015625 0.0234375
0 0.25703125 0.38984375 0.015625 0.0234375
0 0.2296875 0.33984375 0.01484375 0.0265625
0 0.29140625 0.3515625 0.0125 0.0234375
0 0.31875 0.39375 0.01484375 0.021875
0 0.3515625 0.35 0.01171875 0.01875
0 0.3734375 0.4 0.015625 0.01875
0 0.39921875 0.33203125 0.01484375 0.0203125
0 0.4 0.4375 0.01640625 0.028125
0 0.365625 0.4671875 0.01484375 0.02890625
0 0.43125 0.47265625 0.015625 0.03046875
0 0.434375 0.3953125 0.0125 0.021875
0 0.47734375 0.27265625 0.0125 0.0171875
0 0.5484375 0.2578125 0.015625 0.0234375
0 0.52421875 0.34140625 0.015625 0.021875
0 0.4640625 0.35546875 0.0140625 0.021875
0 0.5953125 0.31640625 0.01484375 0.0265625
0 0.6625 0.321875 0.015625 0.0234375
0 0.6359375 0.37890625 0.015625 0.025
0 0.5640625 0.40703125 0.01484375 0.025
0 0.503125 0.38984375 0.01484375 0.0265625
0 0.48515625 0.46875 0.0140625 0.028125
0 0.465625 0.46875 0.0140625 0.0265625
0 0.53515625 0.44375 0.015625 0.0234375
0 0.55 0.47265625 0.01640625 0.02890625
0 0.60546875 0.4859375 0.0140625 0.03046875
0 0.6 0.459375 0.015625 0.0265625
0 0.66875 0.43046875 0.01484375 0.0265625
0 0.69296875 0.38671875 0.01640625 0.0265625
0 0.71875 0.48046875 0.015625 0.0234375
0 0.659375 0.4859375 0.01484375 0.03046875
0 0.76484375 0.38984375 0.015625 0.0234375
0 0.7359375 0.4140625 0.0140625 0.025
0 0.7265625 0.3515625 0.0140625 0.021875
0 0.83203125 0.38515625 0.0171875 0.03203125
0 0.796875 0.42734375 0.015625 0.0234375
0 0.77421875 0.4828125 0.01640625 0.02890625
0 0.82421875 0.490625 0.0171875 0.0234375
0 0.85078125 0.45546875 0.0140625 0.0265625
0 0.21015625 0.63125 0.01484375 0.025
0 0.28203125 0.63125 0.015625 0.03046875
0 0.33515625 0.62109375 0.015625 0.02890625
0 0.40234375 0.61796875 0.015625 0.03046875
0 0.46796875 0.6078125 0.015625 0.03203125
0 0.5203125 0.625 0.0140625 0.028125
0 0.57578125 0.6234375 0.01484375 0.02890625
0 0.63828125 0.61796875 0.01484375 0.03046875
0 0.69375 0.6296875 0.01484375 0.0265625
0 0.74921875 0.6328125 0.01484375 0.02890625