0 0.01640625 0.4546875 0.0328125 0.04921875
0 0.16953125 0.48984375 0.01640625 0.046875
0 0.10078125 0.65859375 0.025 0.04140625
0 0.29140625 0.51796875 0.0203125 0.03125
0 0.26015625 0.52109375 0.0125 0.0328125
0 0.246875 0.46640625 0.0171875 0.0546875
0 0.34609375 0.521875 0.00703125 0.0140625
0 0.3703125 0.5171875 0.0109375 0.0140625
0 0.41015625 0.48984375 0.021875 0.040625
0 0.43515625 0.51953125 0.01875 0.0328125
0 0.4703125 0.55078125 0.034375 0.0625
0 0.52734375 0.490625 0.021875 0.03671875
0 0.5625 0.490625 0.0234375 0.03125
0 0.70703125 0.4984375 0.0296875 0.0609375
0 0.846875 0.49453125 0.01875 0.0375
0 0.92578125 0.51953125 0.01953125 0.03359375
0 0.98125 0.515625 0.009375 0.025
0 0.940625 0.46484375 0.0078125 0.0171875
0 0.3578125 0.515625 0.0140625 0.0234375