0 0.01875 0.2140625 0.025 0.0484375
0 0.06875 0.20078125 0.03046875 0.05625
0 0.1125 0.22265625 0.02421875 0.05
0 0.15546875 0.2078125 0.0140625 0.046875
0 0.15234375 0.24609375 0.0140625 0.03359375
0 0.040625 0.32578125 0.0375 0.07109375
0 0.14453125 0.38203125 0.0328125 0.06640625
0 0.24140625 0.24609375 0.021875 0.04296875
0 0.23046875 0.265625 0.015625 0.03125
0 0.25625 0.2390625 0.03125 0.05
0 0.3484375 0.20234375 0.03125 0.06015625
0 0.190625 0.453125 0.03828125 0.07265625
0 0.3078125 0.46171875 0.040625 0.0765625
0 0.4171875 0.1546875 0.034375 0.06796875
0 0.49375 0.2109375 0.0328125 0.06640625
0 0.53125 0.21953125 0.0296875 0.05625
0 0.559375 0.1546875 0.0328125 0.06953125
0 0.64921875 0.24375 0.0265625 0.059375
0 0.69609375 0.27734375 0.02265625 0.0484375
0 0.75625 0.24609375 0.02734375 0.0546875
0 0.78671875 0.26875 0.0203125 0.053125
0 0.825 0.2859375 0.0234375 0.05
0 0.8546875 0.25234375 0.0296875 0.0578125
0 0.8109375 0.32890625 0.03515625 0.06953125
0 0.796875 0.45546875 0.0375 0.0796875
0 0.703125 0.46015625 0.0375 0.075
0 0.896875 0.2859375 0.0234375 0.04296875
0 0.9625 0.25234375 0.03203125 0.06015625
0 0.93671875 0.3390625 0.040625 0.06953125
0 0.8921875 0.50859375 0.0375 0.0765625
0 0.25859375 0.3203125 0.040625 0.06796875
0 0.66328125 0.35703125 0.03203125 0.059375