0 0.284375 0.46953125 0.01953125 0.05234375
0 0.26171875 0.48828125 0.015625 0.03046875
0 0.88203125 0.47109375 0.0140625 0.02890625
0 0.68984375 0.44609375 0.02265625 0.046875
0 0.7984375 0.48515625 0.01640625 0.03671875
0 0.83359375 0.4796875 0.01484375 0.0234375
0 0.9375 0.4734375 0.0140625 0.0234375
0 0.96796875 0.48984375 0.0125 0.01875
0 0.7703125 0.478125 0.0109375 0.025
0 0.75234375 0.48125 0.0109375 0.0171875
0 0.65 0.48984375 0.015625 0.03359375
0 0.84765625 0.48671875 0.0078125 0.01171875
0 0.86015625 0.48515625 0.00703125 0.01328125
0 0.909375 0.48125 0.00703125 0.01171875
0 0.98984375 0.4765625 0.00703125 0.01171875
0 0.73125 0.44921875 0.0046875 0.01328125
0 0.86484375 0.46796875 0.0046875 0.00859375
0 0.5890625 0.4828125 0.0109375 0.021875
0 0.60859375 0.46953125 0.0046875 0.01640625
0 0.5703125 0.44296875 0.00625 0.01328125
0 0.4984375 0.4578125 0.0078125 0.021875
0 0.53359375 0.48359375 0.01875 0.0453125
0 0.4328125 0.46171875 0.028125 0.06171875
0 0.38125 0.46953125 0.01484375 0.03671875
0 0.0921875 0.48515625 0.015625 0.03515625
0 0.19296875 0.49140625 0.01875 0.040625