0 0.08125 0.2890625 0.00859375 0.01328125
0 0.1 0.321875 0.0078125 0.0171875
0 0.1453125 0.3453125 0.0109375 0.015625
0 0.1875 0.28671875 0.0078125 0.01171875
0 0.22578125 0.40078125 0.00625 0.01015625
0 0.240625 0.35 0.0078125 0.0140625
0 0.225 0.290625 0.00859375 0.01015625
0 0.278125 0.2796875 0.00703125 0.015625
0 0.34140625 0.22890625 0.0125 0.04140625
0 0.53125 0.38046875 0.0078125 0.01328125
0 0.559375 0.27734375 0.00625 0.01328125
0 0.71640625 0.25625 0.00859375 0.04296875
0 0.98125 0.34765625 0.00703125 0.01328125
0 0.0109375 0.29140625 0.00859375 0.01953125
0 0.0265625 0.290625 0.00703125 0.0078125
0 0.05546875 0.3140625 0.009375 0.01796875
0 0.7828125 0.290625 0.00625 0.01328125
0 0.946875 0.34765625 0.00703125 0.009375
0 0.2 0.39609375 0.00703125 0.01328125
0 0.634375 0.228125 0.0140625 0.0453125