0 0.0578125 0.728125 0.0078125 0.0140625
0 0.0046875 0.74609375 0.00703125 0.01328125
0 0.0125 0.76953125 0.0125 0.02109375
0 0.209375 0.7359375 0.01640625 0.02890625
0 0.21953125 0.7171875 0.01875 0.03125
0 0.28203125 0.70078125 0.02265625 0.03359375
0 0.30703125 0.68359375 0.0109375 0.01953125
0 0.4546875 0.71328125 0.0234375 0.03671875
0 0.44921875 0.6703125 0.0171875 0.03359375
0 0.53125 0.790625 0.01171875 0.02890625
0 0.56171875 0.7203125 0.0125 0.0234375
0 0.5296875 0.615625 0.01640625 0.025
0 0.796875 0.70078125 0.015625 0.02578125
0 0.82890625 0.75390625 0.0140625 0.025
0 0.8671875 0.69375 0.0140625 0.0234375
0 0.928125 0.6953125 0.00703125 0.01328125
0 0.9484375 0.67421875 0.0078125 0.01328125
0 0.82265625 0.7046875 0.0046875 0.009375