0 0.03671875 0.24140625 0.0265625 0.05703125
0 0.1546875 0.20234375 0.03125 0.0828125
0 0.175 0.16484375 0.0296875 0.08671875
0 0.94765625 0.37734375 0.01484375 0.03125
0 0.9828125 0.27890625 0.01171875 0.0296875
0 0.9875 0.33203125 0.01171875 0.03125
0 0.98359375 0.3671875 0.01171875 0.03125
0 0.3046875 0.18046875 0.02734375 0.0609375
0 0.37734375 0.2125 0.03046875 0.0828125
0 0.428125 0.19609375 0.025 0.07890625
0 0.45234375 0.221875 0.021875 0.0609375
0 0.5484375 0.2140625 0.03125 0.08828125
0 0.571875 0.23984375 0.01875 0.053125
0 0.5953125 0.2125 0.02421875 0.07265625
0 0.625 0.24921875 0.025 0.075
0 0.759375 0.12734375 0.0265625 0.08046875
0 0.74140625 0.21015625 0.025 0.0828125
0 0.81171875 0.22578125 0.03203125 0.08828125
0 0.865625 0.36953125 0.0109375 0.02578125
0 0.90390625 0.34609375 0.0109375 0.02578125
0 0.91171875 0.37890625 0.0125 0.02578125
0 0.92578125 0.28125 0.01171875 0.0234375
0 0.940625 0.3296875 0.0109375 0.02734375
0 0.93203125 0.3671875 0.0109375 0.0234375