0 0.284375 0.7734375 0.06953125 0.13515625
0 0.87109375 0.56328125 0.0703125 0.103125
0 0.9625 0.48828125 0.0203125 0.03515625
0 0.93046875 0.46171875 0.0140625 0.02890625
0 0.915625 0.45625 0.009375 0.01953125
0 0.88359375 0.440625 0.01484375 0.01953125
0 0.83125 0.4421875 0.01171875 0.01640625
0 0.8375 0.46171875 0.009375 0.01796875
0 0.81640625 0.45234375 0.009375 0.01796875
0 0.7859375 0.46328125 0.0078125 0.015625
0 0.79609375 0.4421875 0.01484375 0.0234375
0 0.80625 0.43828125 0.01171875 0.03046875
0 0.7515625 0.4546875 0.01171875 0.025
0 0.7234375 0.44765625 0.021875 0.0359375
0 0.7015625 0.45234375 0.0125 0.025
0 0.57578125 0.4546875 0.03203125 0.04453125
0 0.74609375 0.4015625 0.01171875 0.02109375
0 0.78125 0.43984375 0.009375 0.0234375
0 0.51796875 0.42265625 0.0203125 0.04140625
0 0.03828125 0.4078125 0.03515625 0.08046875
0 0.0890625 0.56875 0.04375 0.0765625
0 0.34453125 0.48984375 0.02265625 0.0515625
0 0.15703125 0.31328125 0.0078125 0.015625
0 0.4265625 0.44765625 0.01875 0.0359375
0 0.3234375 0.4796875 0.02421875 0.04609375
0 0.2609375 0.59375 0.0359375 0.04140625
0 0.121875 0.5546875 0.0546875 0.08515625
0 0.17109375 0.4671875 0.034375 0.0484375