0 0.9078125 0.6765625 0.02421875 0.05859375
0 0.928125 0.54296875 0.01171875 0.01796875
0 0.14296875 0.56953125 0.0125 0.0171875
0 0.08515625 0.5703125 0.0125 0.0171875
0 0.1359375 0.609375 0.01171875 0.02734375
0 0.15 0.7796875 0.0328125 0.08359375
0 0.24921875 0.62890625 0.01171875 0.03671875
0 0.3125 0.63203125 0.01171875 0.03515625
0 0.41484375 0.63671875 0.00859375 0.03125
0 0.21875 0.56015625 0.0078125 0.01171875
0 0.2421875 0.56640625 0.0078125 0.01171875
0 0.26484375 0.571875 0.00703125 0.01171875
0 0.27421875 0.546875 0.0046875 0.009375
0 0.1734375 0.5625 0.0078125 0.01328125
0 0.2953125 0.5640625 0.00703125 0.01015625
0 0.3296875 0.540625 0.00703125 0.0140625
0 0.37109375 0.54453125 0.00625 0.009375
0 0.384375 0.56015625 0.00703125 0.01328125
0 0.39140625 0.5578125 0.00625 0.01171875
0 0.2875 0.5625 0.00859375 0.0140625
0 0.01484375 0.58515625 0.0078125 0.0171875
0 0.01640625 0.5640625 0.00859375 0.0171875
0 0.0515625 0.58359375 0.0078125 0.01796875
0 0.45078125 0.54921875 0.00703125 0.01171875
0 0.43984375 0.55078125 0.00703125 0.009375
0 0.42265625 0.70078125 0.0140625 0.0375
0 0.475 0.55859375 0.00625 0.01015625
0 0.4578125 0.54921875 0.0046875 0.009375
0 0.52109375 0.55234375 0.0046875 0.0078125
0 0.79765625 0.5453125 0.0078125 0.0140625
0 0.00390625 0.56796875 0.0078125 0.01328125
0 0.009375 0.62265625 0.0109375 0.02890625
0 0.39765625 0.5578125 0.0046875 0.01171875
0 0.9015625 0.53359375 0.0125 0.01953125
0 0.096875 0.57578125 0.0109375 0.015625
0 0.3703125 0.57578125 0.00703125 0.01328125