0 0.2859375 0.3046875 0.01171875 0.01796875
0 0.8984375 0.1890625 0.021875 0.03984375
0 0.85625 0.2328125 0.0234375 0.03671875
0 0.98984375 0.1890625 0.0125 0.0421875
0 0.60234375 0.28359375 0.0171875 0.03125
0 0.55859375 0.28359375 0.0078125 0.0171875
0 0.65234375 0.2765625 0.00625 0.00859375
0 0.05703125 0.3171875 0.01875 0.0265625
0 0.00703125 0.31796875 0.0140625 0.0296875
0 0.14765625 0.30078125 0.01171875 0.025
0 0.2703125 0.29375 0.009375 0.0171875
0 0.74296875 0.20703125 0.053125 0.08359375
0 0.1796875 0.271875 0.0328125 0.05625
0 0.309375 0.2875 0.0125 0.028125
0 0.4109375 0.2875 0.01640625 0.0265625
0 0.47734375 0.2859375 0.01484375 0.0296875
0 0.5 0.28359375 0.01171875 0.01953125
0 0.2484375 0.2875 0.00625 0.01953125
0 0.36015625 0.290625 0.00859375 0.01796875
0 0.5296875 0.28359375 0.00703125 0.0125