0 0.3140625 0.52578125 0.00703125 0.0125
0 0.34140625 0.51640625 0.00859375 0.0125
0 0.3078125 0.57890625 0.0078125 0.01640625
0 0.34765625 0.58515625 0.0078125 0.0125
0 0.35625 0.6234375 0.00859375 0.01640625
0 0.3875 0.6109375 0.00703125 0.01953125
0 0.4234375 0.6109375 0.0078125 0.01796875
0 0.3546875 0.559375 0.00703125 0.0109375
0 0.3671875 0.52734375 0.0078125 0.01796875
0 0.3546875 0.4875 0.00703125 0.0140625
0 0.3921875 0.47734375 0.00859375 0.0140625
0 0.39765625 0.52421875 0.0078125 0.0125
0 0.43046875 0.47109375 0.00859375 0.0125
0 0.4484375 0.496875 0.00625 0.0125
0 0.46328125 0.5109375 0.00703125 0.01796875
0 0.43046875 0.52421875 0.00703125 0.0125
0 0.440625 0.565625 0.0078125 0.01640625
0 0.46875 0.5578125 0.0078125 0.0125
0 0.46171875 0.61875 0.0078125 0.01953125
0 0.4984375 0.6140625 0.00703125 0.01953125
0 0.5328125 0.60859375 0.0078125 0.01953125
0 0.4953125 0.5609375 0.0078125 0.0125
0 0.4796875 0.503125 0.0078125 0.0140625
0 0.4953125 0.47265625 0.00703125 0.0140625
0 0.52421875 0.47734375 0.00703125 0.0140625
0 0.55234375 0.47578125 0.00703125 0.0140625
0 0.51171875 0.5015625 0.0078125 0.0140625
0 0.53203125 0.52578125 0.00703125 0.0140625
0 0.52265625 0.5578125 0.0078125 0.0109375
0 0.55546875 0.5609375 0.0078125 0.01640625
0 0.49296875 0.52109375 0.0078125 0.0125
0 0.5828125 0.47109375 0.0078125 0.01796875
0 0.5703125 0.5 0.0078125 0.01640625
0 0.559375 0.52890625 0.00625 0.0109375
0 0.603125 0.4953125 0.00859375 0.01796875
0 0.61875 0.5078125 0.00703125 0.01640625
0 0.6359375 0.496875 0.00859375 0.02109375
0 0.64140625 0.553125 0.0078125 0.01640625
0 0.61328125 0.5546875 0.0078125 0.0140625
0 0.5890625 0.52109375 0.00859375 0.0140625
0 0.5890625 0.5640625 0.00859375 0.0140625
0 0.575 0.615625 0.009375 0.01640625
0 0.6125 0.6140625 0.00859375 0.01796875
0 0.64765625 0.6125 0.0078125 0.0140625
0 0.7078125 0.47734375 0.00625 0.0140625
0 0.6671875 0.51796875 0.00625 0.0125
0 0.6828125 0.5078125 0.0078125 0.0140625
0 0.6640625 0.54296875 0.0078125 0.02109375
0 0.6875 0.53359375 0.0078125 0.01640625
0 0.696875 0.52734375 0.00625 0.009375
0 0.7203125 0.52421875 0.0078125 0.0125
0 0.71171875 0.54140625 0.00703125 0.01796875
0 0.6859375 0.565625 0.0078125 0.01953125
0 0.7125 0.575 0.009375 0.01953125
0 0.73828125 0.53515625 0.0078125 0.02109375
0 0.74765625 0.5125 0.00703125 0.01796875
0 0.75703125 0.49375 0.00703125 0.0140625
0 0.7859375 0.490625 0.00703125 0.01640625
0 0.7765625 0.51953125 0.0078125 0.0140625
0 0.76484375 0.52890625 0.0078125 0.01796875
0 0.7859375 0.53203125 0.00859375 0.01796875
0 0.784375 0.5546875 0.00859375 0.01953125
0 0.746875 0.5625 0.00859375 0.02265625
0 0.68046875 0.64453125 0.00859375 0.0140625
0 0.846875 0.54609375 0.009375 0.02109375
0 0.8921875 0.5671875 0.00859375 0.02109375
0 0.13828125 0.5 0.00859375 0.01796875
0 0.11015625 0.503125 0.009375 0.01640625
0 0.12265625 0.51796875 0.00703125 0.0140625
0 0.1078125 0.53828125 0.009375 0.01796875
0 0.08046875 0.5609375 0.00859375 0.01953125
0 0.1546875 0.54609375 0.00859375 0.01796875
0 0.15546875 0.571875 0.00859375 0.01796875
0 0.1828125 0.54140625 0.00859375 0.01953125
0 0.17578125 0.4953125 0.0078125 0.0140625
0 0.20625 0.5015625 0.00703125 0.0140625
0 0.209375 0.54140625 0.00703125 0.01796875
0 0.22265625 0.52578125 0.00625 0.0140625
0 0.18671875 0.5765625 0.00625 0.01796875
0 0.23671875 0.5015625 0.0109375 0.0140625
0 0.25234375 0.52578125 0.00859375 0.01640625
0 0.2265625 0.58203125 0.009375 0.01796875
0 0.26953125 0.496875 0.0078125 0.01640625
0 0.2859375 0.52265625 0.00703125 0.0125
0 0.303125 0.496875 0.00859375 0.0140625
0 0.2671875 0.58359375 0.0078125 0.02109375