0 0.3109375 0.73515625 0.0109375 0.02734375
0 0.38359375 0.73671875 0.00703125 0.01875
0 0.25078125 0.7875 0.00625 0.0140625
0 0.2671875 0.771875 0.00625 0.015625
0 0.18203125 0.771875 0.00703125 0.0140625
0 0.0703125 0.75078125 0.0078125 0.015625
0 0.5125 0.7875 0.0046875 0.01015625
0 0.4546875 0.7875 0.0046875 0.01015625
0 0.48125 0.790625 0.003125 0.01015625
0 0.6046875 0.7890625 0.00625 0.0125
0 0.63359375 0.7421875 0.00859375 0.02265625
0 0.87421875 0.7921875 0.0109375 0.0171875
0 0.86484375 0.8578125 0.0125 0.02421875
0 0.9265625 0.81171875 0.0140625 0.0296875
0 0.97578125 0.79375 0.015625 0.03828125
0 0.71640625 0.87578125 0.00703125 0.015625
0 0.7484375 0.87890625 0.00703125 0.015625
0 0.7203125 0.84453125 0.009375 0.01875
0 0.8484375 0.853125 0.0125 0.0328125