0 0.20234375 0.46953125 0.0328125 0.0546875
0 0.29375 0.40078125 0.0125 0.0171875
0 0.26484375 0.39375 0.0125 0.0171875
0 0.24921875 0.3890625 0.01484375 0.01953125
0 0.27578125 0.375 0.01484375 0.01953125
0 0.21328125 0.39453125 0.01640625 0.01953125
0 0.1796875 0.378125 0.015625 0.01953125
0 0.16328125 0.36640625 0.0140625 0.015625
0 0.259375 0.33359375 0.01171875 0.015625
0 0.215625 0.35546875 0.015625 0.01953125
0 0.42890625 0.45625 0.01484375 0.021875
0 0.4625 0.4671875 0.01640625 0.02421875
0 0.4046875 0.44765625 0.01484375 0.021875
0 0.38359375 0.4265625 0.01484375 0.02109375
0 0.45859375 0.42578125 0.01484375 0.021875
0 0.47734375 0.4203125 0.01171875 0.021875
0 0.45234375 0.39453125 0.0125 0.01796875
0 0.43359375 0.38984375 0.0140625 0.01953125
0 0.41796875 0.39375 0.0140625 0.021875
0 0.4 0.41328125 0.0125 0.01796875
0 0.39765625 0.36953125 0.0125 0.0171875
0 0.34765625 0.4328125 0.0140625 0.01953125
0 0.31328125 0.41328125 0.01484375 0.0234375
0 0.3453125 0.39140625 0.0125 0.01796875
0 0.37265625 0.4046875 0.01484375 0.02109375
0 0.3640625 0.38984375 0.01171875 0.0171875
0 0.34375 0.371875 0.01171875 0.0171875
0 0.46171875 0.37265625 0.0125 0.01953125
0 0.62265625 0.33515625 0.0125 0.015625
0 0.61953125 0.38046875 0.0125 0.015625
0 0.60859375 0.40625 0.01484375 0.01953125
0 0.5984375 0.3921875 0.0140625 0.01796875
0 0.58203125 0.39375 0.0140625 0.01796875
0 0.57578125 0.3703125 0.01484375 0.0234375
0 0.55546875 0.35234375 0.0125 0.015625
0 0.546875 0.37421875 0.01171875 0.02109375
0 0.565625 0.415625 0.0140625 0.02109375
0 0.54609375 0.40625 0.0140625 0.01796875
0 0.53125 0.40703125 0.015625 0.02109375
0 0.52421875 0.38984375 0.01171875 0.0171875
0 0.53828125 0.35 0.01171875 0.0171875
0 0.59453125 0.4390625 0.0140625 0.0171875
0 0.609375 0.45390625 0.0140625 0.02578125
0 0.621875 0.46953125 0.01875 0.02578125
0 0.5671875 0.44765625 0.0140625 0.01796875
0 0.55859375 0.465625 0.0171875 0.0234375
0 0.540625 0.4328125 0.01484375 0.02421875
0 0.5203125 0.45234375 0.015625 0.0234375
0 0.4890625 0.38046875 0.01484375 0.02109375
0 0.50078125 0.39765625 0.01484375 0.021875
0 0.50546875 0.43125 0.01484375 0.02109375
0 0.49140625 0.4484375 0.015625 0.01953125
0 0.6234375 0.409375 0.01171875 0.0171875
0 0.496875 0.4828125 0.01484375 0.021875
0 0.52265625 0.50703125 0.0140625 0.021875
0 0.575 0.48984375 0.015625 0.02421875
0 0.5859375 0.478125 0.015625 0.02109375
0 0.59765625 0.5109375 0.015625 0.02578125
0 0.74375 0.3421875 0.0140625 0.01796875
0 0.759375 0.3640625 0.01171875 0.0171875
0 0.753125 0.37890625 0.0140625 0.02109375
0 0.7703125 0.375 0.01484375 0.02109375
0 0.78203125 0.38515625 0.01484375 0.021875
0 0.76328125 0.39453125 0.01484375 0.021875
0 0.7703125 0.42265625 0.015625 0.0265625
0 0.75703125 0.43046875 0.0171875 0.0265625
0 0.74140625 0.40703125 0.015625 0.0234375
0 0.725 0.4203125 0.01484375 0.01953125
0 0.721875 0.38125 0.0140625 0.02109375
0 0.71171875 0.3609375 0.01171875 0.01953125
0 0.69609375 0.378125 0.01484375 0.01796875
0 0.6953125 0.4203125 0.0140625 0.0171875
0 0.73125 0.46484375 0.015625 0.021875
0 0.696875 0.4484375 0.015625 0.0234375
0 0.675 0.43515625 0.015625 0.021875
0 0.634375 0.35 0.0140625 0.01796875
0 0.6515625 0.3546875 0.0140625 0.01953125
0 0.6453125 0.37890625 0.015625 0.0234375
0 0.6625 0.40234375 0.01484375 0.01953125
0 0.67265625 0.3921875 0.0140625 0.01953125
0 0.7703125 0.47890625 0.015625 0.0234375
0 0.640625 0.42890625 0.0140625 0.01796875
0 0.63125 0.43125 0.01171875 0.01953125
0 0.64921875 0.459375 0.01484375 0.02421875
0 0.6890625 0.48046875 0.015625 0.02421875
0 0.66171875 0.48984375 0.01640625 0.01796875
0 0.796875 0.3375 0.01171875 0.0125
0 0.80390625 0.346875 0.0125 0.015625
0 0.840625 0.365625 0.0140625 0.01796875
0 0.821875 0.36328125 0.0140625 0.01796875
0 0.8734375 0.3859375 0.0125 0.0171875
0 0.88359375 0.37265625 0.009375 0.02109375
0 0.8734375 0.40859375 0.0140625 0.02109375
0 0.821875 0.40625 0.015625 0.021875
0 0.8078125 0.4203125 0.01484375 0.01953125
0 0.8125 0.3765625 0.01171875 0.015625
0 0.853125 0.421875 0.0125 0.015625
0 0.9875 0.34375 0.0140625 0.01953125
0 0.9859375 0.37265625 0.0125 0.0171875
0 0.94609375 0.39140625 0.01171875 0.015625
0 0.93515625 0.41328125 0.01484375 0.01953125
0 0.9015625 0.40625 0.0140625 0.01953125
0 0.8875 0.42890625 0.015625 0.01953125
0 0.9734375 0.4109375 0.0140625 0.0171875
0 0.95546875 0.4390625 0.0125 0.01796875
0 0.94296875 0.45078125 0.01484375 0.01953125
0 0.921875 0.44375 0.01171875 0.0171875
0 0.91328125 0.45625 0.01484375 0.01953125
0 0.89375 0.46953125 0.0171875 0.0234375
0 0.853125 0.47890625 0.015625 0.021875
0 0.86015625 0.4453125 0.015625 0.021875
0 0.87421875 0.4375 0.0140625 0.02109375
0 0.83828125 0.4390625 0.01484375 0.0234375
0 0.82734375 0.4703125 0.0171875 0.02578125
0 0.81015625 0.4953125 0.01640625 0.02421875
0 0.74921875 0.49296875 0.01640625 0.02578125
0 0.70703125 0.50234375 0.0171875 0.0265625
0 0.6515625 0.51796875 0.01875 0.0296875
0 0.790625 0.45234375 0.015625 0.02421875
0 0.8 0.4375 0.0140625 0.021875
0 0.9703125 0.24296875 0.00859375 0.0125
0 0.6046875 0.375 0.0109375 0.021875
0 0.6359375 0.36953125 0.0109375 0.0171875
0 0.67734375 0.375 0.0109375 0.0171875
0 0.9171875 0.37265625 0.0109375 0.015625
0 0.8703125 0.365625 0.01484375 0.01953125
0 0.1359375 0.35 0.01640625 0.021875
0 0.19296875 0.36328125 0.0109375 0.01796875
0 0.37421875 0.3609375 0.0140625 0.021875
0 0.0140625 0.1421875 0.00859375 0.0125