0 0.071875 0.23046875 0.034375 0.053125
0 0.21640625 0.36328125 0.01640625 0.0296875
0 0.23671875 0.42265625 0.0109375 0.0234375
0 0.33203125 0.209375 0.04296875 0.0765625
0 0.246875 0.26796875 0.0109375 0.021875
0 0.22734375 0.328125 0.00703125 0.01640625
0 0.24921875 0.2390625 0.0078125 0.0203125
0 0.4078125 0.2171875 0.0328125 0.04375
0 0.51484375 0.22109375 0.0359375 0.06015625
0 0.55703125 0.2171875 0.01640625 0.0421875
0 0.5921875 0.3390625 0.0140625 0.03828125
0 0.61015625 0.428125 0.04765625 0.08359375
0 0.6234375 0.25234375 0.01875 0.0265625
0 0.64921875 0.2640625 0.01953125 0.03359375
0 0.63515625 0.19375 0.01484375 0.03984375
0 0.66796875 0.20078125 0.015625 0.03359375
0 0.70078125 0.184375 0.02265625 0.04140625
0 0.7203125 0.1890625 0.01953125 0.03828125
0 0.7359375 0.19375 0.01171875 0.03671875
0 0.77421875 0.2609375 0.0171875 0.0421875
0 0.8015625 0.1921875 0.01953125 0.0421875
0 0.82109375 0.1921875 0.0140625 0.04375
0 0.82890625 0.27578125 0.01640625 0.04140625
0 0.78984375 0.34453125 0.015625 0.0296875
0 0.83125 0.37421875 0.009375 0.03046875
0 0.91796875 0.353125 0.015625 0.03671875
0 0.9328125 0.2375 0.01640625 0.03203125
0 0.959375 0.22890625 0.01640625 0.03203125
0 0.975 0.21875 0.01875 0.03359375
0 0.6796875 0.21875 0.009375 0.03203125
0 0.36328125 0.45 0.0484375 0.06875
0 0.996875 0.30234375 0.00625 0.028125