0 0.48828125 0.20234375 0.05078125 0.07734375
0 0.8625 0.2375 0.0453125 0.08515625
0 0.1109375 0.275 0.04296875 0.05390625
0 0.7515625 0.47734375 0.0109375 0.01875
0 0.9203125 0.44921875 0.0140625 0.021875
0 0.70390625 0.49453125 0.00859375 0.01484375
0 0.66484375 0.4640625 0.009375 0.01328125
0 0.79375 0.47734375 0.00859375 0.01484375
0 0.24296875 0.4 0.01640625 0.03203125
0 0.3234375 0.47734375 0.009375 0.01328125
0 0.39609375 0.375 0.01484375 0.0265625
0 0.925 0.38984375 0.003125 0.0046875
0 0.19375 0.5109375 0.00625 0.01015625
0 0.0125 0.50078125 0.00703125 0.01171875
0 0.29140625 0.52265625 0.0046875 0.00703125
0 0.57578125 0.353125 0.02265625 0.03515625