0 0.0140625 0.35546875 0.02734375 0.06875
0 0.178125 0.390625 0.0328125 0.0515625
0 0.31953125 0.35 0.0234375 0.0515625
0 0.3578125 0.36875 0.0234375 0.05
0 0.4265625 0.3203125 0.02421875 0.0453125
0 0.471875 0.35546875 0.03046875 0.05546875
0 0.51171875 0.36640625 0.025 0.0421875
0 0.5046875 0.30625 0.01953125 0.03984375
0 0.54609375 0.28125 0.01875 0.03515625
0 0.58359375 0.3546875 0.02421875 0.0453125
0 0.57890625 0.28125 0.0171875 0.03515625
0 0.603125 0.33125 0.021875 0.0421875
0 0.646875 0.3046875 0.01875 0.03984375
0 0.67109375 0.31328125 0.01953125 0.040625
0 0.69921875 0.29296875 0.015625 0.03828125
0 0.70390625 0.25625 0.01875 0.03203125
0 0.6390625 0.24296875 0.015625 0.0265625
0 0.61875 0.27265625 0.0171875 0.03359375
0 0.5578125 0.21484375 0.01640625 0.0265625
0 0.58125 0.21640625 0.01484375 0.021875
0 0.67109375 0.22109375 0.0140625 0.0203125
0 0.75 0.2375 0.01171875 0.0203125
0 0.79296875 0.21796875 0.0140625 0.01875
0 0.7796875 0.2078125 0.00703125 0.01171875
0 0.7703125 0.2109375 0.00859375 0.01640625
0 0.81875 0.22578125 0.01171875 0.0203125
0 0.8796875 0.1859375 0.00625 0.01015625
0 0.9109375 0.228125 0.01484375 0.03046875
0 0.9171875 0.1609375 0.00625 0.00859375
0 0.94140625 0.16875 0.00625 0.01171875
0 0.4 0.17890625 0.00703125 0.01640625
0 0.4296875 0.17109375 0.00625 0.01171875
0 0.5015625 0.17421875 0.00625 0.01171875
0 0.6234375 0.22578125 0.00859375 0.01640625
0 0.6921875 0.23125 0.01484375 0.021875
0 0.65 0.23125 0.015625 0.0234375