0 0.20546875 0.39921875 0.0125 0.01484375
0 0.2234375 0.41875 0.01171875 0.01875
0 0.265625 0.40859375 0.01171875 0.02109375
0 0.334375 0.43203125 0.009375 0.015625
0 0.3875 0.45390625 0.00625 0.0109375
0 0.4078125 0.45625 0.0125 0.01953125
0 0.409375 0.421875 0.009375 0.01328125
0 0.471875 0.4140625 0.01484375 0.028125
0 0.5375 0.4546875 0.009375 0.01953125
0 0.60859375 0.46171875 0.01640625 0.02265625
0 0.653125 0.44296875 0.0078125 0.01328125
0 0.7078125 0.465625 0.01171875 0.015625
0 0.6953125 0.4296875 0.00625 0.0078125
0 0.71328125 0.42578125 0.0046875 0.0078125
0 0.75703125 0.45390625 0.00859375 0.01875
0 0.8171875 0.440625 0.0109375 0.015625
0 0.575 0.42578125 0.00625 0.0078125
0 0.5421875 0.42421875 0.00390625 0.00625
0 0.19296875 0.41640625 0.00859375 0.01171875