0 0.51953125 0.46328125 0.025 0.04921875
0 0.578125 0.3765625 0.0171875 0.0328125
0 0.584375 0.33984375 0.0125 0.02578125
0 0.4734375 0.36875 0.01953125 0.03515625
0 0.37109375 0.3828125 0.01171875 0.03125
0 0.99140625 0.46640625 0.0171875 0.04453125
0 0.059375 0.571875 0.00859375 0.01796875
0 0.04453125 0.5609375 0.00703125 0.01328125
0 0.01796875 0.5453125 0.0125 0.01796875
0 0.021875 0.63515625 0.0125 0.0171875
0 0.85625 0.58203125 0.00625 0.009375
0 0.93046875 0.5640625 0.00390625 0.0078125
0 0.8796875 0.5609375 0.00625 0.009375