0 0.08828125 0.43671875 0.0203125 0.0265625
0 0.14375 0.45859375 0.021875 0.03671875
0 0.16328125 0.47265625 0.01875 0.028125
0 0.196875 0.45625 0.01875 0.025
0 0.2171875 0.49375 0.0171875 0.025
0 0.1859375 0.56484375 0.021875 0.0296875
0 0.25625 0.55546875 0.01875 0.0265625
0 0.29296875 0.46015625 0.0171875 0.0265625
0 0.33046875 0.465625 0.01640625 0.0234375
0 0.3296875 0.5578125 0.0171875 0.0234375
0 0.38984375 0.55234375 0.01875 0.02265625
0 0.371875 0.47109375 0.01484375 0.025
0 0.4109375 0.46015625 0.015625 0.025
0 0.47578125 0.45625 0.0171875 0.028125
0 0.4390625 0.465625 0.0140625 0.0265625
0 0.446875 0.6 0.01953125 0.040625
0 0.50703125 0.6140625 0.01875 0.03515625
0 0.56875 0.61015625 0.01953125 0.03515625
0 0.5609375 0.48828125 0.01640625 0.028125
0 0.51953125 0.45859375 0.0140625 0.025
0 0.5015625 0.4796875 0.01171875 0.01953125
0 0.5375 0.4640625 0.015625 0.02265625
0 0.565625 0.44453125 0.015625 0.025
0 0.584375 0.45625 0.01484375 0.025
0 0.60390625 0.45703125 0.01640625 0.028125
0 0.63203125 0.44921875 0.01484375 0.025
0 0.62734375 0.615625 0.0203125 0.0390625
0 0.64609375 0.53125 0.0109375 0.015625
0 0.6515625 0.4828125 0.015625 0.0234375
0 0.67578125 0.4765625 0.01171875 0.01953125
0 0.69921875 0.4796875 0.015625 0.02109375
0 0.7078125 0.54140625 0.01875 0.028125
0 0.7390625 0.490625 0.01484375 0.01953125
0 0.7578125 0.4796875 0.0140625 0.01796875
0 0.775 0.5046875 0.015625 0.0234375
0 0.7484375 0.56484375 0.01640625 0.025
0 0.7875 0.5765625 0.0171875 0.02109375
0 0.8265625 0.47421875 0.0203125 0.03046875
0 0.8859375 0.48828125 0.021875 0.03359375