0 0.025 0.578125 0.01640625 0.0171875
0 0.08828125 0.55703125 0.0109375 0.01796875
0 0.0640625 0.56484375 0.0109375 0.01796875
0 0.04921875 0.51953125 0.00859375 0.01328125
0 0.1453125 0.5140625 0.00859375 0.01328125
0 0.12265625 0.54140625 0.00859375 0.0140625
0 0.1359375 0.490625 0.01171875 0.0140625
0 0.18125 0.49765625 0.00859375 0.0140625
0 0.19609375 0.49609375 0.0078125 0.0140625
0 0.2125 0.5484375 0.00859375 0.01328125
0 0.2453125 0.51171875 0.00703125 0.01328125
0 0.275 0.52734375 0.00703125 0.01328125
0 0.2953125 0.4984375 0.00859375 0.01171875
0 0.25625 0.49453125 0.00859375 0.0140625
0 0.221875 0.47265625 0.00859375 0.0140625
0 0.2296875 0.45546875 0.00859375 0.01328125
0 0.2375 0.42578125 0.00859375 0.01171875
0 0.28125 0.43203125 0.0078125 0.0140625
0 0.29296875 0.4375 0.00625 0.01171875
0 0.30703125 0.4390625 0.00703125 0.01015625
0 0.33125 0.421875 0.00703125 0.01171875
0 0.3109375 0.40859375 0.00703125 0.0140625
0 0.28203125 0.40234375 0.0078125 0.0140625
0 0.24765625 0.40078125 0.00859375 0.01171875
0 0.28359375 0.34140625 0.00703125 0.01015625
0 0.33671875 0.38828125 0.00703125 0.01015625
0 0.340625 0.37734375 0.00703125 0.01015625
0 0.3609375 0.36484375 0.00625 0.009375
0 0.4046875 0.4046875 0.00703125 0.01015625
0 0.40703125 0.3765625 0.00703125 0.0140625
0 0.4203125 0.36953125 0.00703125 0.01171875
0 0.43046875 0.365625 0.00625 0.009375
0 0.39375 0.35 0.0046875 0.009375
0 0.42421875 0.328125 0.0046875 0.0078125
0 0.44140625 0.328125 0.00625 0.0078125
0 0.4328125 0.3890625 0.0046875 0.00625
0 0.44375 0.375 0.00625 0.01171875
0 0.45234375 0.36484375 0.0046875 0.009375
0 0.465625 0.34375 0.00625 0.01015625
0 0.48046875 0.33203125 0.00625 0.0078125
0 0.471875 0.3359375 0.0046875 0.009375
0 0.5140625 0.35703125 0.00625 0.0078125
0 0.50078125 0.3203125 0.00625 0.009375
0 0.49296875 0.32578125 0.0046875 0.009375
0 0.51640625 0.3296875 0.00625 0.01015625
0 0.54375 0.31015625 0.00625 0.009375
0 0.57578125 0.33046875 0.0046875 0.00625
0 0.625 0.490625 0.0078125 0.01328125
0 0.5984375 0.525 0.0078125 0.01328125
0 0.5421875 0.484375 0.009375 0.01171875
0 0.50703125 0.43203125 0.0078125 0.01015625
0 0.48515625 0.4609375 0.0078125 0.01171875
0 0.6 0.41953125 0.00703125 0.01171875
0 0.5421875 0.39296875 0.0046875 0.009375
0 0.6625 0.45859375 0.00625 0.01171875
0 0.67578125 0.421875 0.00625 0.009375
0 0.70234375 0.38515625 0.00625 0.009375
0 0.62734375 0.390625 0.00703125 0.009375
0 0.66796875 0.34921875 0.00625 0.0078125
0 0.70390625 0.35546875 0.0046875 0.0078125
0 0.63203125 0.33984375 0.0046875 0.0078125
0 0.64375 0.32578125 0.00390625 0.0078125
0 0.64453125 0.36328125 0.00390625 0.0078125
0 0.61328125 0.34609375 0.00390625 0.00625
0 0.58203125 0.3828125 0.00625 0.0078125
0 0.9125 0.7109375 0.0109375 0.01953125
0 0.884375 0.6625 0.01640625 0.01953125
0 0.9875 0.73671875 0.009375 0.01953125
0 0.98125 0.78125 0.015625 0.021875
0 0.9765625 0.85390625 0.01171875 0.02109375
0 0.8796875 0.740625 0.00859375 0.0171875
0 0.84296875 0.61953125 0.00859375 0.015625
0 0.7828125 0.5609375 0.00859375 0.0140625
0 0.8453125 0.57421875 0.0078125 0.01015625
0 0.8765625 0.5953125 0.009375 0.0140625
0 0.97890625 0.57578125 0.00859375 0.0171875
0 0.97109375 0.634375 0.0109375 0.01953125
0 0.84609375 0.525 0.00703125 0.0140625
0 0.90234375 0.5375 0.009375 0.015625
0 0.95 0.47421875 0.00625 0.01171875
0 0.88359375 0.4453125 0.0046875 0.00625
0 0.89140625 0.43125 0.00625 0.01015625
0 0.87421875 0.42421875 0.00625 0.01171875
0 0.86015625 0.4359375 0.00625 0.01015625
0 0.84296875 0.4140625 0.0078125 0.01171875
0 0.8484375 0.49609375 0.0078125 0.01328125
0 0.878125 0.490625 0.00703125 0.01171875
0 0.89140625 0.48203125 0.0078125 0.01328125
0 0.96328125 0.44921875 0.00703125 0.01171875
0 0.94375 0.42421875 0.00859375 0.01328125
0 0.96875 0.4234375 0.0078125 0.01015625
0 0.92890625 0.39609375 0.00625 0.009375
0 0.896875 0.40625 0.00703125 0.01171875
0 0.91328125 0.3828125 0.0078125 0.01171875
0 0.92265625 0.36953125 0.00625 0.00625
0 0.87734375 0.3921875 0.00703125 0.009375
0 0.8453125 0.38828125 0.00625 0.01015625
0 0.85 0.375 0.0046875 0.0078125
0 0.8390625 0.365625 0.0078125 0.01171875
0 0.94609375 0.50546875 0.01171875 0.0171875
0 0.1265625 0.446875 0.0140625 0.02109375
0 0.57421875 0.4625 0.0078125 0.01328125
0 0.11484375 0.52734375 0.0109375 0.0140625
0 0.0921875 0.5234375 0.009375 0.0140625
0 0.965625 0.67734375 0.0125 0.015625
0 0.98046875 0.47890625 0.0078125 0.0140625
0 0.81328125 0.77109375 0.01171875 0.01171875
0 0.825 0.45703125 0.009375 0.0140625
0 0.98671875 0.421875 0.00703125 0.01328125
0 0.978125 0.4 0.00625 0.01328125
0 0.9640625 0.3921875 0.00859375 0.0140625
0 0.96015625 0.34609375 0.0078125 0.01171875
0 0.896875 0.38046875 0.00859375 0.0140625
0 0.9703125 0.5625 0.00703125 0.0140625
0 0.990625 0.446875 0.00859375 0.015625
0 0.4109375 0.34609375 0.0078125 0.0140625
0 0.2453125 0.47265625 0.009375 0.015625
0 0.92578125 0.553125 0.0078125 0.01328125
0 0.9078125 0.6265625 0.009375 0.02109375