0 0.55703125 0.29140625 0.06171875 0.1109375
0 0.8015625 0.27578125 0.0421875 0.07421875
0 0.4828125 0.35390625 0.01640625 0.03203125
0 0.24453125 0.36171875 0.02265625 0.046875
0 0.1984375 0.3640625 0.0203125 0.03671875
0 0.165625 0.375 0.01484375 0.03359375
0 0.1421875 0.3734375 0.0140625 0.0234375
0 0.32421875 0.3640625 0.0328125 0.05703125
0 0.42109375 0.37578125 0.0203125 0.03359375
0 0.29375 0.3640625 0.0140625 0.0234375
0 0.121875 0.365625 0.01171875 0.0203125
0 0.10234375 0.375 0.0078125 0.01484375
0 0.21875 0.375 0.009375 0.0203125
0 0.3546875 0.36171875 0.01484375 0.03046875
0 0.40546875 0.36171875 0.0125 0.0234375
0 0.84921875 0.35703125 0.01875 0.03515625
0 0.971875 0.3 0.0375 0.065625
0 0.73828125 0.36875 0.0234375 0.04375
0 0.69609375 0.371875 0.01640625 0.03046875
0 0.6828125 0.3703125 0.0140625 0.025
0 0.65703125 0.35703125 0.00703125 0.01328125
0 0.6671875 0.35703125 0.0078125 0.01484375
0 0.6359375 0.35859375 0.00703125 0.01484375
0 0.58359375 0.3703125 0.0265625 0.04375
0 0.60859375 0.37734375 0.0109375 0.0171875
0 0.5046875 0.3671875 0.0140625 0.0234375
0 0.45234375 0.36875 0.0078125 0.01171875
0 0.46796875 0.3703125 0.0046875 0.00859375
0 0.384375 0.37578125 0.0046875 0.00703125