0 0.67109375 0.475 0.021875 0.0328125
0 0.53515625 0.490625 0.0171875 0.02734375
0 0.75546875 0.5359375 0.01640625 0.02421875
0 0.8890625 0.521875 0.01953125 0.025
0 0.96484375 0.56484375 0.01171875 0.01953125
0 0.84609375 0.59140625 0.0125 0.021875
0 0.821875 0.51328125 0.0125 0.01953125
0 0.7828125 0.5296875 0.009375 0.0140625
0 0.79609375 0.52734375 0.00859375 0.01328125
0 0.76875 0.52265625 0.009375 0.01328125
0 0.7171875 0.4890625 0.0078125 0.015625
0 0.61328125 0.50625 0.009375 0.0140625
0 0.5765625 0.5140625 0.015625 0.02265625
0 0.50234375 0.50703125 0.00703125 0.009375
0 0.4015625 0.478125 0.01953125 0.02734375
0 0.29375 0.4890625 0.0203125 0.02890625
0 0.4765625 0.58671875 0.00625 0.00703125
0 0.2015625 0.46640625 0.021875 0.0296875
0 0.13984375 0.50859375 0.021875 0.02734375
0 0.04453125 0.5203125 0.01640625 0.021875
0 0.12421875 0.50390625 0.01171875 0.0203125
0 0.2546875 0.48203125 0.0046875 0.009375
0 0.01875 0.51796875 0.00625 0.009375
0 0.0078125 0.5140625 0.00390625 0.00703125
0 0.0640625 0.521875 0.0046875 0.00859375
0 0.078125 0.51328125 0.00390625 0.00703125