0 0.01953125 0.23046875 0.0328125 0.06640625
0 0.0765625 0.28359375 0.0828125 0.13515625
0 0.18046875 0.28671875 0.07734375 0.12890625
0 0.24765625 0.27890625 0.059375 0.11328125
0 0.3453125 0.259375 0.05625 0.103125
0 0.4390625 0.31875 0.0625 0.1171875
0 0.4796875 0.234375 0.0578125 0.08984375
0 0.5515625 0.296875 0.0640625 0.12109375
0 0.63359375 0.23046875 0.0546875 0.09921875
0 0.6203125 0.38125 0.07734375 0.13046875
0 0.49453125 0.4921875 0.0734375 0.125
0 0.3453125 0.5484375 0.08203125 0.146875
0 0.15859375 0.68515625 0.08671875 0.14296875
0 0.3203125 0.365625 0.0640625 0.1078125
0 0.27421875 0.259375 0.03984375 0.06796875
0 0.7171875 0.34765625 0.06328125 0.1234375
0 0.78828125 0.35 0.0625 0.11484375
0 0.8453125 0.3421875 0.0515625 0.09765625
0 0.85234375 0.271875 0.05078125 0.08984375
0 0.9078125 0.271875 0.059375 0.09375
0 0.9390625 0.39609375 0.059375 0.1
0 0.7515625 0.23828125 0.01953125 0.03359375
0 0.97421875 0.25625 0.00859375 0.0140625
0 0.9859375 0.27109375 0.003125 0.0078125
0 0.8 0.25 0.0109375 0.040625