0 0.21796875 0.3640625 0.0203125 0.046875
0 0.284375 0.35703125 0.0265625 0.0484375
0 0.35546875 0.36875 0.025 0.05
0 0.40625 0.346875 0.021875 0.0484375
0 0.4734375 0.3609375 0.0234375 0.046875
0 0.4640625 0.46796875 0.02421875 0.046875
0 0.3921875 0.471875 0.02421875 0.05234375
0 0.3140625 0.48125 0.02421875 0.05
0 0.23125 0.48125 0.02421875 0.05078125
0 0.4453125 0.5734375 0.02734375 0.0625
0 0.37578125 0.58046875 0.025 0.0625
0 0.28671875 0.5890625 0.0265625 0.05859375
0 0.8015625 0.37109375 0.02421875 0.05390625
0 0.77734375 0.4828125 0.025 0.05
0 0.709375 0.59375 0.02734375 0.06171875
0 0.72421875 0.36875 0.02421875 0.05
0 0.66796875 0.48671875 0.025 0.05
0 0.62890625 0.57734375 0.02734375 0.05546875
0 0.52734375 0.5859375 0.025 0.05546875
0 0.59921875 0.49140625 0.02265625 0.05078125
0 0.5359375 0.46328125 0.02421875 0.05078125
0 0.659375 0.3671875 0.025 0.05234375
0 0.5953125 0.37109375 0.0234375 0.05
0 0.5328125 0.3453125 0.02265625 0.05078125