0 0.75078125 0.46640625 0.0515625 0.1546875
0 0.615625 0.50703125 0.0390625 0.12578125
0 0.42890625 0.68125 0.040625 0.11171875
0 0.34296875 0.65234375 0.028125 0.0984375
0 0.2859375 0.61171875 0.02265625 0.0875
0 0.24609375 0.61640625 0.0234375 0.071875
0 0.21015625 0.59453125 0.021875 0.07421875
0 0.07890625 0.5984375 0.01875 0.05390625
0 0.065625 0.540625 0.0140625 0.04296875
0 0.059375 0.55390625 0.0125 0.04296875
0 0.45703125 0.53125 0.0296875 0.078125
0 0.3859375 0.53125 0.0203125 0.06953125
0 0.35390625 0.53359375 0.0203125 0.0625
0 0.3140625 0.51796875 0.01640625 0.05859375
0 0.2203125 0.43984375 0.01484375 0.046875
0 0.67421875 0.40390625 0.034375 0.0875
0 0.58828125 0.41484375 0.02421875 0.078125
0 0.51796875 0.4234375 0.02421875 0.06953125
0 0.8 0.35 0.0421875 0.11640625
0 0.85390625 0.27578125 0.0359375 0.08984375
0 0.56953125 0.38984375 0.01640625 0.0515625
0 0.42890625 0.45703125 0.01875 0.05390625
0 0.39765625 0.475 0.015625 0.04921875
0 0.175 0.43515625 0.009375 0.03828125
0 0.20078125 0.41953125 0.01484375 0.04296875
0 0.15546875 0.46875 0.00859375 0.03359375
0 0.325 0.34296875 0.0125 0.0359375
0 0.2453125 0.4171875 0.00703125 0.02265625
0 0.26015625 0.4171875 0.00859375 0.02890625
0 0.3 0.38828125 0.0078125 0.0265625
0 0.309375 0.38984375 0.01171875 0.03359375
0 0.3484375 0.35625 0.00703125 0.02265625
0 0.4015625 0.33203125 0.01171875 0.03125
0 0.46953125 0.2828125 0.0140625 0.04453125
0 0.63203125 0.14609375 0.015625 0.04296875
0 0.69765625 0.14375 0.01640625 0.046875
0 0.775 0.103125 0.01875 0.04453125
0 0.57578125 0.2265625 0.0125 0.040625
0 0.80078125 0.11015625 0.015625 0.0359375
0 0.8609375 0.11015625 0.021875 0.04453125
0 0.49375 0.453125 0.01640625 0.04921875
0 0.19453125 0.45078125 0.01171875 0.0359375
0 0.7296875 0.10546875 0.0140625 0.04453125