0 0.0109375 0.928125 0.0109375 0.01875
0 0.290625 0.33203125 0.03515625 0.05
0 0.296875 0.96171875 0.0140625 0.0265625
0 0.3734375 0.91640625 0.009375 0.0203125
0 0.3984375 0.925 0.009375 0.0171875
0 0.4609375 0.91640625 0.01953125 0.03828125
0 0.49375 0.94140625 0.0109375 0.021875
0 0.5296875 0.91796875 0.0203125 0.03828125
0 0.18671875 0.85234375 0.00703125 0.01015625
0 0.6 0.9328125 0.0109375 0.01875
0 0.63203125 0.94296875 0.01171875 0.021875
0 0.67578125 0.96328125 0.0328125 0.05703125
0 0.7015625 0.92265625 0.0109375 0.025
0 0.77265625 0.92109375 0.0140625 0.025
0 0.81796875 0.93671875 0.0359375 0.0703125
0 0.9046875 0.975 0.040625 0.0421875
0 0.97734375 0.96796875 0.03828125 0.0640625
0 0.1984375 0.85390625 0.00625 0.01171875
0 0.175 0.85078125 0.0078125 0.01484375
0 0.1296875 0.80078125 0.00625 0.01171875
0 0.39765625 0.796875 0.00703125 0.01171875
0 0.44296875 0.82109375 0.0046875 0.01015625
0 0.38203125 0.815625 0.00390625 0.00703125
0 0.38359375 0.8390625 0.003125 0.00703125
0 0.36484375 0.840625 0.0046875 0.01171875
0 0.30625 0.82109375 0.00625 0.01484375
0 0.5265625 0.84453125 0.00390625 0.01015625
0 0.44609375 0.84765625 0.0046875 0.01171875
0 0.4890625 0.8625 0.003125 0.01015625
0 0.45390625 0.8640625 0.0046875 0.00703125
0 0.4390625 0.86640625 0.0046875 0.01015625
0 0.50703125 0.815625 0.0046875 0.01015625
0 0.5734375 0.85234375 0.00703125 0.01171875
0 0.57734375 0.89609375 0.0078125 0.01171875
0 0.6125 0.840625 0.00625 0.01171875
0 0.72421875 0.98828125 0.01484375 0.01875
0 0.69375 0.8328125 0.00625 0.01171875
0 0.6828125 0.790625 0.00703125 0.01640625
0 0.878125 0.81875 0.00859375 0.01484375
0 0.859375 0.82265625 0.0078125 0.01640625
0 0.8390625 0.8140625 0.0078125 0.01328125
0 0.8265625 0.83125 0.00703125 0.01015625
0 0.80234375 0.81953125 0.00703125 0.01015625
0 0.7828125 0.81953125 0.0046875 0.01015625
0 0.77421875 0.82578125 0.0046875 0.01171875
0 0.04765625 0.84296875 0.0078125 0.0171875
0 0.01015625 0.84296875 0.00703125 0.01171875
0 0.103125 0.928125 0.0078125 0.01484375
0 0.021875 0.92421875 0.00625 0.01171875
0 0.6828125 0.8359375 0.00625 0.01171875
0 0.6359375 0.840625 0.00703125 0.01015625
0 0.6546875 0.8421875 0.00703125 0.01015625