0 0.2859375 0.290625 0.04375 0.0953125
0 0.346875 0.29921875 0.034375 0.0625
0 0.440625 0.3765625 0.03125 0.0453125
0 0.425 0.39453125 0.0296875 0.04296875
0 0.515625 0.23671875 0.0328125 0.05234375
0 0.5921875 0.15078125 0.0296875 0.046875
0 0.71015625 0.1265625 0.02421875 0.03671875
0 0.4578125 0.66171875 0.015625 0.0296875
0 0.63125 0.60390625 0.0109375 0.01953125
0 0.79609375 0.584375 0.0125 0.02109375
0 0.80859375 0.5765625 0.01171875 0.02109375
0 0.86875 0.56796875 0.0140625 0.0234375
0 0.8875 0.5453125 0.00703125 0.01328125
0 0.89453125 0.54453125 0.00625 0.015625
0 0.73671875 0.59609375 0.0125 0.02578125
0 0.725 0.603125 0.009375 0.0234375
0 0.67578125 0.59921875 0.0140625 0.02578125
0 0.69140625 0.59140625 0.009375 0.0171875
0 0.81015625 0.62109375 0.01484375 0.02890625
0 0.825 0.5640625 0.009375 0.01953125
0 0.3390625 0.63515625 0.015625 0.0328125
0 0.29765625 0.68125 0.01484375 0.02109375
0 0.646875 0.79296875 0.0421875 0.0921875
0 0.9078125 0.76796875 0.040625 0.1171875
0 0.97578125 0.75625 0.04765625 0.15390625
0 0.91015625 0.57578125 0.00625 0.01328125
0 0.9203125 0.56796875 0.0046875 0.01015625
0 0.92109375 0.540625 0.01171875 0.0140625
0 0.93515625 0.5640625 0.01484375 0.02578125
0 0.9484375 0.53359375 0.0109375 0.0171875
0 0.9671875 0.5390625 0.00859375 0.01015625
0 0.98203125 0.52734375 0.00703125 0.01171875
0 0.971875 0.5171875 0.00625 0.0078125
0 0.99453125 0.53125 0.0046875 0.01015625
0 0.96328125 0.66171875 0.034375 0.09375
0 0.68671875 0.00859375 0.01953125 0.0171875
0 0.81796875 0.5796875 0.0109375 0.02109375