0 0.31171875 0.66796875 0.0140625 0.0203125
0 0.40703125 0.62890625 0.0140625 0.0171875
0 0.49453125 0.62734375 0.0125 0.0203125
0 0.7859375 0.57890625 0.009375 0.01640625
0 0.70234375 0.57578125 0.0078125 0.01484375
0 0.6296875 0.57421875 0.00859375 0.01171875
0 0.56171875 0.57421875 0.0109375 0.01484375
0 0.51640625 0.5484375 0.009375 0.01640625
0 0.5 0.55078125 0.009375 0.01328125
0 0.64296875 0.56015625 0.00859375 0.01484375
0 0.5734375 0.5421875 0.01171875 0.01640625
0 0.71796875 0.546875 0.0078125 0.01328125
0 0.340625 0.546875 0.009375 0.01328125
0 0.31953125 0.53828125 0.00859375 0.01640625
0 0.28984375 0.54375 0.00859375 0.01640625
0 0.2515625 0.525 0.00859375 0.01328125
0 0.22734375 0.53359375 0.00859375 0.01171875
0 0.18046875 0.521875 0.009375 0.01484375
0 0.1546875 0.53046875 0.00859375 0.01484375
0 0.121875 0.50859375 0.00859375 0.01640625
0 0.0890625 0.53046875 0.0078125 0.01640625
0 0.85546875 0.58359375 0.009375 0.01171875
0 0.8453125 0.5734375 0.00859375 0.01015625
0 0.309375 0.615625 0.009375 0.01640625
0 0.45078125 0.58515625 0.00859375 0.0171875
0 0.39921875 0.540625 0.009375 0.01484375
0 0.4421875 0.53515625 0.0078125 0.01171875
0 0.3765625 0.53515625 0.0078125 0.01328125
0 0.828125 0.44765625 0.00625 0.00703125
0 0.78203125 0.44453125 0.0046875 0.00859375
0 0.7390625 0.43125 0.00625 0.01015625
0 0.72890625 0.44140625 0.0046875 0.00703125
0 0.690625 0.43984375 0.0078125 0.01015625
0 0.70234375 0.4265625 0.00625 0.00703125
0 0.64921875 0.4375 0.0046875 0.00859375
0 0.56640625 0.44140625 0.0078125 0.00859375
0 0.35234375 0.41953125 0.00625 0.01015625
0 0.4078125 0.41796875 0.0046875 0.00703125
0 0.45390625 0.41796875 0.00625 0.00859375
0 0.50078125 0.42265625 0.0046875 0.00859375
0 0.53515625 0.43125 0.0078125 0.00859375
0 0.41640625 0.4140625 0.0046875 0.00859375
0 0.46484375 0.4078125 0.00625 0.00703125
0 0.5046875 0.41484375 0.0046875 0.00859375
0 0.6125 0.4265625 0.00703125 0.01171875