0 0.8265625 0.4046875 0.021875 0.03359375
0 0.840625 0.378125 0.0171875 0.028125
0 0.8703125 0.3765625 0.01640625 0.0234375
0 0.91875 0.3734375 0.00703125 0.01328125
0 0.9046875 0.36640625 0.0046875 0.01015625
0 0.9703125 0.38125 0.003125 0.00703125
0 0.7953125 0.38671875 0.0046875 0.01328125
0 0.7828125 0.38125 0.009375 0.01640625
0 0.70859375 0.3796875 0.01484375 0.0265625
0 0.6828125 0.3765625 0.01484375 0.025
0 0.653125 0.37109375 0.009375 0.0171875
0 0.6640625 0.3984375 0.0140625 0.0265625
0 0.60546875 0.38515625 0.0484375 0.07734375
0 0.49375 0.378125 0.025 0.046875
0 0.4484375 0.425 0.0109375 0.01875
0 0.4359375 0.4234375 0.00625 0.01640625
0 0.4234375 0.41875 0.0078125 0.01328125
0 0.3890625 0.4015625 0.01953125 0.03671875
0 0.3734375 0.43359375 0.00859375 0.025
0 0.328125 0.45703125 0.02734375 0.05234375
0 0.29921875 0.46015625 0.0109375 0.025
0 0.2890625 0.43359375 0.01171875 0.0234375
0 0.0375 0.5140625 0.01640625 0.03203125
0 0.084375 0.4671875 0.0171875 0.03359375
0 0.17421875 0.44375 0.0125 0.0234375
0 0.1875 0.44375 0.009375 0.0171875
0 0.2 0.45703125 0.0171875 0.03359375
0 0.159375 0.54921875 0.00859375 0.0171875
0 0.2546875 0.43359375 0.01640625 0.028125