0 0.0875 0.31484375 0.0171875 0.025
0 0.1109375 0.31015625 0.01640625 0.03203125
0 0.125 0.45234375 0.01953125 0.03828125
0 0.1734375 0.31171875 0.0125 0.0203125
0 0.196875 0.29765625 0.015625 0.028125
0 0.2578125 0.33203125 0.0171875 0.0296875
0 0.3078125 0.31015625 0.0171875 0.028125
0 0.28984375 0.3921875 0.01875 0.028125
0 0.325 0.4 0.02265625 0.03671875
0 0.4015625 0.28515625 0.00859375 0.01875
0 0.39140625 0.31640625 0.01171875 0.0203125
0 0.4390625 0.4015625 0.0171875 0.03359375
0 0.4640625 0.31796875 0.0140625 0.0234375
0 0.5046875 0.2765625 0.0078125 0.0171875
0 0.578125 0.29609375 0.0140625 0.025
0 0.61015625 0.265625 0.0125 0.021875
0 0.70859375 0.265625 0.0109375 0.0203125
0 0.7515625 0.34296875 0.0140625 0.0265625
0 0.60234375 0.396875 0.01875 0.03203125
0 0.65859375 0.56328125 0.03046875 0.04765625
0 0.7609375 0.56171875 0.0296875 0.04765625
0 0.82421875 0.3828125 0.01953125 0.0265625
0 0.81171875 0.41953125 0.0234375 0.03671875
0 0.8453125 0.33671875 0.021875 0.03203125
0 0.8890625 0.359375 0.0203125 0.03203125
0 0.959375 0.3578125 0.015625 0.028125
0 0.9390625 0.3875 0.01953125 0.03203125
0 0.9046875 0.54453125 0.03046875 0.05703125
0 0.8359375 0.58203125 0.0296875 0.04765625
0 0.79609375 0.68359375 0.03046875 0.06171875
0 0.9921875 0.546875 0.015625 0.040625