0 0.05390625 0.6109375 0.0125 0.0203125
0 0.03515625 0.65546875 0.0140625 0.02421875
0 0.034375 0.18046875 0.00625 0.009375
0 0.09296875 0.14765625 0.00625 0.0125
0 0.1796875 0.109375 0.00625 0.0109375
0 0.253125 0.13125 0.00703125 0.0125
0 0.23671875 0.20390625 0.00703125 0.0125
0 0.16875 0.16796875 0.00625 0.0109375
0 0.05859375 0.26640625 0.00625 0.0109375
0 0.2609375 0.19296875 0.00703125 0.0125
0 0.2875 0.18203125 0.0078125 0.0125
0 0.2609375 0.23671875 0.00703125 0.0109375
0 0.28828125 0.23671875 0.00625 0.0125
0 0.3046875 0.22578125 0.0078125 0.01328125
0 0.2328125 0.2625 0.00703125 0.01328125
0 0.196875 0.22265625 0.0078125 0.0125
0 0.21484375 0.2203125 0.00625 0.0109375
0 0.26484375 0.284375 0.0078125 0.01328125
0 0.28125 0.27578125 0.0078125 0.01328125
0 0.18828125 0.26640625 0.00703125 0.0125
0 0.16328125 0.284375 0.0078125 0.01328125
0 0.26953125 0.0875 0.00625 0.0109375
0 0.4265625 0.08046875 0.00625 0.009375
0 0.4625 0.11484375 0.00625 0.0125
0 0.4765625 0.15546875 0.00625 0.0109375
0 0.45625 0.153125 0.00625 0.0125
0 0.434375 0.13671875 0.00625 0.0109375
0 0.3671875 0.0515625 0.00625 0.0125
0 0.3484375 0.11171875 0.0046875 0.009375
0 0.4046875 0.14765625 0.00703125 0.0109375
0 0.38046875 0.15 0.00703125 0.0125
0 0.4375 0.17890625 0.00625 0.0109375
0 0.41640625 0.17890625 0.00703125 0.01328125
0 0.396875 0.18984375 0.00703125 0.01328125
0 0.353125 0.165625 0.00625 0.0109375
0 0.44453125 0.20078125 0.00625 0.0125
0 0.4796875 0.1875 0.00625 0.0125
0 0.45859375 0.20078125 0.00703125 0.0109375
0 0.42734375 0.20625 0.00859375 0.0125
0 0.36015625 0.196875 0.00625 0.0109375
0 0.37890625 0.19921875 0.00625 0.0109375
0 0.83515625 0.5546875 0.00703125 0.01328125
0 0.321875 0.1640625 0.00703125 0.0125
0 0.32421875 0.21171875 0.00625 0.0109375
0 0.3875 0.2265625 0.00703125 0.009375
0 0.36640625 0.2375 0.00703125 0.0125
0 0.3390625 0.24296875 0.00703125 0.0125
0 0.4109375 0.2171875 0.00703125 0.0109375
0 0.4203125 0.24453125 0.0078125 0.0125
0 0.3953125 0.2703125 0.00703125 0.0109375
0 0.36953125 0.32109375 0.00703125 0.01328125
0 0.4875 0.2265625 0.0078125 0.0125
0 0.453125 0.2375 0.00625 0.0109375
0 0.503125 0.2609375 0.00703125 0.01328125
0 0.465625 0.2734375 0.00625 0.009375
0 0.50546875 0.2953125 0.00703125 0.0125
0 0.47734375 0.3015625 0.00703125 0.009375
0 0.4546875 0.31015625 0.00625 0.0125
0 0.43828125 0.290625 0.00703125 0.0109375
0 0.48984375 0.02421875 0.0046875 0.0078125
0 0.575 0.03515625 0.0046875 0.009375
0 0.49921875 0.13671875 0.00625 0.0125
0 0.553125 0.13359375 0.00703125 0.0109375
0 0.51640625 0.05625 0.00390625 0.009375
0 0.6890625 0.04375 0.0046875 0.0109375
0 0.73359375 0.02578125 0.0046875 0.009375
0 0.70703125 0.0203125 0.00625 0.0109375
0 0.653125 0.021875 0.0046875 0.009375
0 0.6640625 0.03828125 0.00625 0.009375
0 0.6421875 0.03828125 0.0046875 0.0109375
0 0.6296875 0.01796875 0.00703125 0.0125
0 0.61640625 0.02734375 0.00625 0.0109375
0 0.59453125 0.01796875 0.00625 0.0109375
0 0.60625 0.08046875 0.00625 0.009375
0 0.6109375 0.13671875 0.0046875 0.0109375
0 0.59140625 0.1625 0.00703125 0.0109375
0 0.65546875 0.15703125 0.00625 0.009375
0 0.73125 0.1609375 0.00625 0.0109375
0 0.6921875 0.165625 0.00625 0.0125
0 0.6703125 0.1328125 0.00703125 0.0109375
0 0.6359375 0.1953125 0.00703125 0.0109375
0 0.76328125 0.17890625 0.00703125 0.01328125
0 0.75234375 0.196875 0.00703125 0.01328125
0 0.7125 0.18984375 0.0078125 0.01328125
0 0.67421875 0.19375 0.00703125 0.0125
0 0.7265625 0.13671875 0.0078125 0.0125
0 0.69765625 0.078125 0.00703125 0.009375
0 0.94921875 0.12734375 0.00625 0.01328125
0 0.890625 0.08046875 0.00625 0.0109375
0 0.8359375 0.08046875 0.00625 0.0109375
0 0.86171875 0.22421875 0.00703125 0.01328125
0 0.82578125 0.21484375 0.00703125 0.01328125
0 0.79453125 0.21171875 0.00703125 0.01328125
0 0.92265625 0.14921875 0.00703125 0.01328125
0 0.9375 0.16796875 0.00625 0.0125
0 0.89296875 0.121875 0.00703125 0.0125
0 0.8484375 0.1390625 0.00703125 0.0125
0 0.83515625 0.11171875 0.00703125 0.0125
0 0.7625 0.0734375 0.00625 0.0125
0 0.76953125 0.1 0.00625 0.0109375
0 0.77421875 0.1328125 0.00703125 0.0109375
0 0.8921875 0.18046875 0.00703125 0.0109375
0 0.8625 0.1828125 0.00703125 0.0125
0 0.8875 0.140625 0.00703125 0.0125
0 0.83046875 0.16953125 0.00703125 0.0125
0 0.7984375 0.16953125 0.00703125 0.0125
0 0.928125 0.21171875 0.00703125 0.01328125
0 0.92421875 0.2375 0.00703125 0.0125
0 0.89765625 0.2390625 0.00703125 0.01328125
0 0.82890625 0.2609375 0.0078125 0.01328125
0 0.796875 0.25546875 0.0078125 0.0125
0 0.76328125 0.24453125 0.00703125 0.01328125
0 0.5859375 0.20625 0.00625 0.0125
0 0.56484375 0.16953125 0.00703125 0.0109375
0 0.54453125 0.1859375 0.00703125 0.0125
0 0.5234375 0.18046875 0.00625 0.0109375
0 0.5015625 0.18046875 0.00703125 0.0125
0 0.5359375 0.21484375 0.00703125 0.0125
0 0.565625 0.24296875 0.0078125 0.01328125
0 0.5390625 0.28671875 0.0078125 0.01328125
0 0.571875 0.2796875 0.00703125 0.01328125
0 0.534375 0.25390625 0.00703125 0.0109375
0 0.64375 0.26796875 0.0078125 0.01328125
0 0.62578125 0.2171875 0.0078125 0.0125
0 0.71640625 0.2828125 0.00703125 0.01328125
0 0.6921875 0.2375 0.00625 0.0109375
0 0.6625 0.23515625 0.00625 0.0125
0 0.684375 0.26796875 0.00625 0.0109375
0 0.66875 0.35390625 0.00859375 0.01484375
0 0.69375 0.36875 0.009375 0.01328125
0 0.7234375 0.24453125 0.00625 0.0109375
0 0.74375 0.2953125 0.00703125 0.0125
0 0.7734375 0.290625 0.0078125 0.01484375
0 0.7984375 0.30703125 0.0078125 0.01484375
0 0.81484375 0.3234375 0.00703125 0.01640625
0 0.825 0.34140625 0.00703125 0.01484375
0 0.82734375 0.36328125 0.0078125 0.01484375
0 0.94375 0.26484375 0.00703125 0.01328125
0 0.8609375 0.2734375 0.00703125 0.0125
0 0.5765625 0.47578125 0.0078125 0.01640625
0 0.5078125 0.45078125 0.0078125 0.01484375
0 0.453125 0.4234375 0.0078125 0.01484375
0 0.71015625 0.39453125 0.0078125 0.01328125
0 0.5578125 0.35234375 0.0078125 0.01484375
0 0.99296875 0.15546875 0.00625 0.0109375
0 0.996875 0.13515625 0.00625 0.0125
0 0.95625 0.15546875 0.00625 0.0125
0 0.99140625 0.2390625 0.00703125 0.0125
0 0.98515625 0.20234375 0.00703125 0.01328125
0 0.9546875 0.215625 0.00703125 0.0125
0 0.9828125 0.17734375 0.00625 0.0109375
0 0.97421875 0.26875 0.00703125 0.0125
0 0.99453125 0.28984375 0.00703125 0.01328125
0 0.878125 0.284375 0.00625 0.0109375
0 0.90078125 0.30078125 0.00703125 0.01328125
0 0.9171875 0.3171875 0.00703125 0.0125
0 0.94375 0.37421875 0.00703125 0.01328125
0 0.92578125 0.34453125 0.0078125 0.01328125
0 0.971875 0.4328125 0.0078125 0.01484375
0 0.98828125 0.4 0.0078125 0.01328125
0 0.7515625 0.5296875 0.00859375 0.01328125
0 0.64375 0.49765625 0.00859375 0.01484375
0 0.96171875 0.87265625 0.009375 0.01796875
0 0.97578125 0.78984375 0.00390625 0.01484375
0 0.9859375 0.86328125 0.0078125 0.01875
0 0.32578125 0.4140625 0.00859375 0.01328125
0 0.59296875 0.24609375 0.00703125 0.0109375
0 0.96015625 0.5015625 0.0015625 0.01484375
0 0.99453125 0.7296875 0.00703125 0.01640625
0 0.809375 0.153125 0.00703125 0.01328125
0 0.89140625 0.1734375 0.00625 0.01328125
0 0.5015625 0.10625 0.00703125 0.0125
0 0.55 0.1 0.00703125 0.009375
0 0.31875 0.25546875 0.00703125 0.0125
0 0.12109375 0.22578125 0.00390625 0.0078125
0 0.67890625 0.01796875 0.00703125 0.0078125