0 0.04375 0.6609375 0.028125 0.0640625
0 0.0296875 0.4453125 0.0125 0.025
0 0.00625 0.4875 0.00859375 0.0203125
0 0.03984375 0.50234375 0.0140625 0.025
0 0.06484375 0.50234375 0.01484375 0.02734375
0 0.025 0.5515625 0.02734375 0.05078125
0 0.009375 0.5953125 0.01875 0.04375
0 0.0390625 0.60859375 0.0375 0.05703125
0 0.00625 0.71640625 0.0125 0.09296875
0 0.065625 0.54609375 0.009375 0.025
0 0.07890625 0.5546875 0.0140625 0.03046875
0 0.0890625 0.5578125 0.025 0.0390625
0 0.1296875 0.50625 0.01171875 0.01875
0 0.15546875 0.48359375 0.0078125 0.01171875
0 0.178125 0.50078125 0.015625 0.03203125
0 0.165625 0.51640625 0.0140625 0.02734375
0 0.16328125 0.54609375 0.015625 0.02734375
0 0.13984375 0.58203125 0.03046875 0.05546875
0 0.1625 0.62265625 0.0328125 0.05703125
0 0.1078125 0.7046875 0.05546875 0.07578125
0 0.07734375 0.7203125 0.02421875 0.040625
0 0.16953125 0.7421875 0.0515625 0.0859375
0 0.03125 0.84453125 0.0625 0.07578125
0 0.04375 0.79921875 0.05625 0.0859375
0 0.1296875 0.92734375 0.0734375 0.14375
0 0.26953125 0.88359375 0.05078125 0.0828125
0 0.23125 0.62734375 0.0234375 0.04765625
0 0.28125 0.56328125 0.0234375 0.0390625
0 0.190625 0.53828125 0.0171875 0.03046875
0 0.2140625 0.4671875 0.015625 0.0265625
0 0.21953125 0.528125 0.01171875 0.021875
0 0.2484375 0.48359375 0.01171875 0.0203125
0 0.234375 0.4921875 0.01171875 0.0203125
0 0.2453125 0.5125 0.0109375 0.0234375
0 0.25703125 0.490625 0.00859375 0.015625
0 0.21640625 0.5578125 0.01640625 0.0234375
0 0.24375 0.5515625 0.01953125 0.03515625
0 0.22265625 0.62734375 0.021875 0.0453125
0 0.25859375 0.528125 0.0125 0.03046875
0 0.2484375 0.45234375 0.009375 0.01015625
0 0.278125 0.47421875 0.0125 0.021875
0 0.31796875 0.48203125 0.0125 0.025
0 0.2875 0.49765625 0.0109375 0.0171875
0 0.290625 0.5328125 0.0140625 0.0265625
0 0.303125 0.5328125 0.02265625 0.0375
0 0.31953125 0.571875 0.01953125 0.0375
0 0.3234375 0.621875 0.0359375 0.06953125
0 0.29765625 0.65078125 0.02265625 0.0453125
0 0.3171875 0.53125 0.0140625 0.02890625
0 0.340625 0.55625 0.02421875 0.0390625
0 0.34921875 0.52421875 0.0125 0.025
0 0.3703125 0.4859375 0.01640625 0.03359375
0 0.4046875 0.49609375 0.02734375 0.05078125
0 0.4234375 0.45859375 0.01171875 0.0234375
0 0.3359375 0.71484375 0.046875 0.09453125
0 0.38125 0.703125 0.04375 0.1015625
0 0.45078125 0.56171875 0.03203125 0.05078125
0 0.45546875 0.60859375 0.03046875 0.0640625
0 0.471875 0.82265625 0.06328125 0.1234375
0 0.53125 0.6546875 0.01953125 0.04375
0 0.55546875 0.65078125 0.03515625 0.06875
0 0.56875 0.659375 0.0375 0.07421875
0 0.6171875 0.76015625 0.046875 0.09921875
0 0.6796875 0.93984375 0.065625 0.1203125
0 0.43984375 0.51796875 0.01484375 0.0203125
0 0.4640625 0.52421875 0.01640625 0.03359375
0 0.45625 0.49375 0.009375 0.0171875
0 0.4546875 0.471875 0.0109375 0.0171875
0 0.46953125 0.4484375 0.0109375 0.021875
0 0.47734375 0.4703125 0.01875 0.03515625
0 0.496875 0.48359375 0.0125 0.02890625
0 0.4984375 0.51640625 0.015625 0.02890625
0 0.496875 0.53828125 0.015625 0.02890625
0 0.509375 0.56171875 0.02265625 0.0421875
0 0.51796875 0.50625 0.01640625 0.02890625
0 0.5171875 0.52421875 0.0140625 0.0265625
0 0.53046875 0.54765625 0.02421875 0.0421875
0 0.525 0.45 0.01171875 0.015625
0 0.528125 0.47578125 0.01171875 0.0171875
0 0.565625 0.46015625 0.0109375 0.021875
0 0.57578125 0.4734375 0.0125 0.0234375
0 0.5609375 0.49453125 0.01484375 0.02890625
0 0.56953125 0.50625 0.01640625 0.03046875
0 0.58125 0.52421875 0.02265625 0.04375
0 0.62421875 0.55 0.02265625 0.0453125
0 0.6578125 0.596875 0.03125 0.05390625
0 0.66796875 0.5484375 0.025 0.04765625
0 0.7140625 0.62578125 0.0328125 0.0609375
0 0.7390625 0.53828125 0.02265625 0.04375
0 0.62109375 0.50625 0.0234375 0.0421875
0 0.62421875 0.465625 0.015625 0.0265625
0 0.653125 0.46875 0.01484375 0.0234375
0 0.6921875 0.43515625 0.01171875 0.0265625
0 0.6984375 0.45859375 0.0125 0.03046875
0 0.7359375 0.47734375 0.0203125 0.0390625
0 0.73515625 0.7484375 0.0546875 0.103125
0 0.82890625 0.79609375 0.0578125 0.11953125
0 0.90390625 0.92109375 0.11015625 0.1515625
0 0.778125 0.640625 0.034375 0.06875
0 0.9796875 0.728125 0.040625 0.103125
0 0.975 0.6546875 0.040625 0.08125
0 0.89609375 0.575 0.0265625 0.05390625
0 0.93203125 0.62890625 0.0421875 0.07109375
0 0.9125 0.615625 0.03203125 0.0671875
0 0.72578125 0.45 0.015625 0.0265625
0 0.73203125 0.41015625 0.0125 0.0265625
0 0.7953125 0.39765625 0.0125 0.0234375
0 0.7734375 0.45390625 0.01171875 0.021875
0 0.78203125 0.47578125 0.01484375 0.03203125
0 0.7921875 0.47890625 0.0125 0.02890625
0 0.809375 0.4875 0.021875 0.03359375
0 0.76484375 0.54140625 0.02421875 0.0390625
0 0.77734375 0.51953125 0.021875 0.03515625
0 0.79765625 0.5359375 0.01953125 0.03515625
0 0.85234375 0.5796875 0.025 0.059375
0 0.84453125 0.49609375 0.021875 0.0421875
0 0.85703125 0.515625 0.0203125 0.0390625
0 0.8859375 0.5265625 0.0234375 0.03671875
0 0.95 0.528125 0.02734375 0.04375
0 0.98828125 0.55625 0.0234375 0.05390625
0 0.89375 0.4625 0.0140625 0.025
0 0.89921875 0.49375 0.015625 0.02890625
0 0.89375 0.4015625 0.0078125 0.015625
0 0.90390625 0.41328125 0.0109375 0.0203125
0 0.91875 0.40625 0.015625 0.025
0 0.91484375 0.43515625 0.0125 0.025
0 0.92109375 0.45390625 0.02265625 0.0421875
0 0.95 0.4453125 0.0125 0.02890625
0 0.99375 0.484375 0.0125 0.0390625
0 0.9796875 0.4703125 0.01953125 0.03359375
0 0.96171875 0.4421875 0.015625 0.02734375
0 0.96796875 0.4234375 0.01484375 0.021875
0 0.85625 0.4 0.0078125 0.01328125
0 0.8390625 0.41796875 0.0078125 0.01328125
0 0.99609375 0.4046875 0.0078125 0.01875
0 0.97421875 0.41015625 0.0125 0.015625
0 0.20234375 0.4859375 0.0125 0.025
0 0.5515625 0.4625 0.01171875 0.0265625
0 0.65546875 0.45859375 0.0140625 0.03046875
0 0.69609375 0.4046875 0.009375 0.01875
0 0.85078125 0.4265625 0.015625 0.0265625
0 0.375 0.4625 0.0140625 0.0234375