0 0.0203125 0.146875 0.01484375 0.02578125
0 0.040625 0.15703125 0.01484375 0.02109375
0 0.05546875 0.1546875 0.0125 0.02421875
0 0.08125 0.12734375 0.015625 0.02734375
0 0.10625 0.11640625 0.01484375 0.02578125
0 0.18046875 0.17109375 0.015625 0.02421875
0 0.1640625 0.1484375 0.0140625 0.02421875
0 0.1 0.1453125 0.01171875 0.02421875
0 0.1859375 0.11484375 0.0171875 0.02734375
0 0.225 0.16328125 0.0125 0.02578125
0 0.20546875 0.17421875 0.01484375 0.02421875
0 0.1859375 0.1390625 0.01171875 0.01953125
0 0.2 0.1390625 0.01171875 0.01953125
0 0.13125 0.12734375 0.01640625 0.02734375
0 0.1296875 0.15 0.01953125 0.02265625
0 0.2484375 0.1484375 0.0109375 0.02421875
0 0.27421875 0.16640625 0.0109375 0.02578125
0 0.30078125 0.16484375 0.0140625 0.02734375
0 0.309375 0.1328125 0.0140625 0.03203125
0 0.3859375 0.1984375 0.0125 0.02734375
0 0.4046875 0.14375 0.01171875 0.01640625
0 0.4265625 0.14375 0.015625 0.02265625
0 0.009375 0.16015625 0.01484375 0.02109375
0 0.26015625 0.16484375 0.0125 0.03203125
0 0.37890625 0.1390625 0.0140625 0.03203125
0 0.32734375 0.12578125 0.01640625 0.02890625
0 0.3453125 0.1359375 0.0140625 0.01796875
0 0.4265625 0.11484375 0.015625 0.02578125
0 0.390625 0.10625 0.015625 0.01171875
0 0.48125 0.10859375 0.0140625 0.01640625
0 0.46484375 0.11484375 0.0140625 0.01640625
0 0.4859375 0.1515625 0.01640625 0.02421875
0 0.50546875 0.146875 0.01484375 0.03359375
0 0.38125 0.16953125 0.0140625 0.02265625
0 0.353125 0.2 0.01484375 0.02421875
0 0.51640625 0.16484375 0.015625 0.02890625
0 0.53359375 0.15546875 0.01875 0.03515625
0 0.53671875 0.12734375 0.01640625 0.02578125
0 0.5625 0.12890625 0.021875 0.0421875
0 0.559375 0.20234375 0.01484375 0.03359375
0 0.5984375 0.17578125 0.0203125 0.0375
0 0.6171875 0.146875 0.0171875 0.02421875
0 0.6328125 0.12890625 0.015625 0.02890625
0 0.6484375 0.13046875 0.01953125 0.02890625
0 0.63125 0.17578125 0.015625 0.02265625
0 0.63125 0.2328125 0.01953125 0.02265625
0 0.65 0.25859375 0.015625 0.03046875
0 0.69609375 0.1890625 0.01640625 0.02578125
0 0.6765625 0.13046875 0.0140625 0.03359375
0 0.6890625 0.140625 0.01953125 0.02578125
0 0.68671875 0.15859375 0.0140625 0.03046875
0 0.7109375 0.12734375 0.0140625 0.03359375
0 0.7328125 0.13125 0.01171875 0.01484375
0 0.75625 0.153125 0.0125 0.03046875
0 0.73125 0.15703125 0.0125 0.02265625
0 0.76953125 0.16484375 0.01171875 0.01953125
0 0.77890625 0.11015625 0.01484375 0.02421875
0 0.778125 0.12734375 0.0125 0.01484375
0 0.821875 0.11796875 0.01640625 0.02421875
0 0.8390625 0.11796875 0.0109375 0.01953125
0 0.8546875 0.15 0.015625 0.02734375
0 0.80703125 0.16328125 0.0109375 0.01953125
0 0.91484375 0.12265625 0.0125 0.01953125
0 0.9078125 0.16796875 0.01640625 0.03203125
0 0.94375 0.17734375 0.01484375 0.02890625
0 0.9875 0.16796875 0.0140625 0.02578125
0 0.9875 0.140625 0.015625 0.03203125
0 0.9625 0.16796875 0.01484375 0.01796875
0 0.98515625 0.20859375 0.01484375 0.02734375
0 0.86953125 0.334375 0.01484375 0.02421875
0 0.85078125 0.328125 0.015625 0.02265625
0 0.8890625 0.1546875 0.01484375 0.02734375
0 0.17890625 0.3296875 0.0234375 0.0375
0 0.62734375 0.3765625 0.01484375 0.02734375