0 0.35546875 0.2015625 0.04296875 0.07421875
0 0.00703125 0.05234375 0.0140625 0.0453125
0 0.025 0.071875 0.03515625 0.0609375
0 0.071875 0.08046875 0.034375 0.05859375
0 0.04453125 0.0640625 0.01640625 0.0484375
0 0.1046875 0.0546875 0.0375 0.06640625
0 0.15703125 0.09921875 0.0484375 0.0765625
0 0.15703125 0.234375 0.0484375 0.07265625
0 0.19140625 0.04453125 0.0453125 0.0796875
0 0.2359375 0.05234375 0.0265625 0.06484375
0 0.31953125 0.0625 0.040625 0.0765625
0 0.38359375 0.06796875 0.046875 0.084375
0 0.415625 0.2046875 0.0375 0.06875
0 0.5046875 0.22265625 0.05078125 0.084375
0 0.58203125 0.2203125 0.05859375 0.0859375
0 0.6453125 0.19765625 0.0578125 0.10390625
0 0.215625 0.171875 0.0328125 0.0765625