0 0.04375 0.18203125 0.0125 0.028125
0 0.18203125 0.215625 0.02265625 0.05
0 0.15546875 0.2046875 0.01640625 0.0328125
0 0.2546875 0.1890625 0.01484375 0.034375
0 0.29296875 0.27265625 0.021875 0.05
0 0.29453125 0.203125 0.01875 0.04140625
0 0.4171875 0.22578125 0.01953125 0.03671875
0 0.46484375 0.27265625 0.025 0.0609375
0 0.4875 0.190625 0.01171875 0.03125
0 0.34765625 0.203125 0.0140625 0.03125
0 0.37578125 0.1859375 0.01171875 0.02421875
0 0.51328125 0.21875 0.01640625 0.03984375
0 0.55625 0.171875 0.01484375 0.03671875
0 0.59453125 0.25703125 0.02265625 0.0453125
0 0.9140625 0.29140625 0.03125 0.08671875
0 0.8375 0.25 0.0265625 0.05390625
0 0.778125 0.18203125 0.015625 0.03828125
0 0.7171875 0.21328125 0.028125 0.065625
0 0.16875 0.15078125 0.01171875 0.02578125
0 0.07578125 0.184375 0.01484375 0.0328125
0 0.21328125 0.14609375 0.0109375 0.02421875
0 0.92734375 0.203125 0.034375 0.08828125
0 0.00625 0.16640625 0.0125 0.04375
0 0.52421875 0.1875 0.00859375 0.034375
0 0.15390625 0.171875 0.0109375 0.02578125
0 0.10078125 0.18203125 0.01640625 0.03125
0 0.04921875 0.22734375 0.01875 0.034375