0 0.57734375 0.47890625 0.00703125 0.0125
0 0.5046875 0.47890625 0.00703125 0.0125
0 0.490625 0.48359375 0.00625 0.01171875
0 0.8875 0.76953125 0.01953125 0.0328125
0 0.96484375 0.8515625 0.0703125 0.115625
0 0.94375 0.71640625 0.009375 0.015625
0 0.92734375 0.7296875 0.0125 0.02109375
0 0.60234375 0.74375 0.00703125 0.015625
0 0.575 0.7640625 0.0109375 0.0203125
0 0.5296875 0.79375 0.0171875 0.0359375
0 0.58125 0.81953125 0.021875 0.03828125
0 0.5 0.60546875 0.009375 0.015625
0 0.5546875 0.7453125 0.0078125 0.0140625
0 0.540625 0.75078125 0.00703125 0.0140625
0 0.44453125 0.76953125 0.01953125 0.0375
0 0.47578125 0.80859375 0.0203125 0.03984375
0 0.50703125 0.7828125 0.01640625 0.03125
0 0.0796875 0.809375 0.01953125 0.04140625
0 0.0921875 0.7609375 0.0140625 0.02109375
0 0.11484375 0.7625 0.00859375 0.0125
0 0.08984375 0.728125 0.0078125 0.0140625
0 0.2359375 0.8140625 0.0203125 0.04296875
0 0.35 0.73984375 0.01171875 0.02109375
0 0.40703125 0.75859375 0.009375 0.0203125
0 0.6546875 0.93515625 0.103125 0.1296875
0 0.62578125 0.759375 0.009375 0.0171875
0 0.5921875 0.7625 0.00859375 0.0140625