0 0.57265625 0.43046875 0.01875 0.01015625
0 0.4625 0.434375 0.02734375 0.01484375
0 0.2859375 0.434375 0.021875 0.0125
0 0.2140625 0.43671875 0.02421875 0.01328125
0 0.83828125 0.43203125 0.02265625 0.01328125
0 0.246875 0.81875 0.07734375 0.04296875
0 0.38984375 0.7875 0.06953125 0.0390625
0 0.03046875 0.703125 0.053125 0.02890625
0 0.09921875 0.70546875 0.0421875 0.0265625
0 0.1390625 0.70546875 0.0359375 0.0203125
0 0.19453125 0.72578125 0.04296875 0.0203125
0 0.22890625 0.725 0.0265625 0.0171875
0 0.2796875 0.72578125 0.04375 0.02109375
0 0.35234375 0.7265625 0.034375 0.015625
0 0.41953125 0.74375 0.05546875 0.028125
0 0.49375 0.71171875 0.028125 0.0140625
0 0.46875 0.7296875 0.0296875 0.01484375
0 0.45546875 0.75546875 0.034375 0.015625
0 0.52265625 0.7625 0.034375 0.0203125
0 0.55 0.73203125 0.0328125 0.015625
0 0.58671875 0.78671875 0.04296875 0.02578125
0 0.63203125 0.82734375 0.0703125 0.034375
0 0.6171875 0.7578125 0.04296875 0.02109375
0 0.59609375 0.728125 0.03203125 0.01875
0 0.63203125 0.72421875 0.0296875 0.01484375
0 0.6703125 0.71953125 0.0296875 0.0140625
0 0.665625 0.74453125 0.0328125 0.0171875
0 0.73671875 0.7671875 0.04609375 0.02578125
0 0.7984375 0.73671875 0.040625 0.02421875
0 0.76171875 0.72109375 0.0375 0.01796875
0 0.85546875 0.7125 0.0328125 0.0171875
0 0.878125 0.696875 0.0359375 0.01875
0 0.8578125 0.7359375 0.0390625 0.02109375
0 0.915625 0.73984375 0.0453125 0.0234375
0 0.95859375 0.7984375 0.0578125 0.03203125
0 0.98359375 0.72890625 0.0328125 0.02265625
0 0.903125 0.4484375 0.0375 0.01875
0 0.9828125 0.45234375 0.02421875 0.01640625
0 0.7078125 0.45 0.0296875 0.015625
0 0.328125 0.434375 0.01953125 0.01015625