0 0.06953125 0.29453125 0.046875 0.06875
0 0.028125 0.2296875 0.00703125 0.0109375
0 0.04921875 0.2234375 0.00703125 0.009375
0 0.2234375 0.2390625 0.0109375 0.0234375
0 0.23125 0.24296875 0.0171875 0.03046875
0 0.2625 0.24140625 0.0234375 0.03203125
0 0.29375 0.24296875 0.00625 0.0078125
0 0.3296875 0.25625 0.0171875 0.0359375
0 0.37109375 0.2671875 0.0296875 0.0421875
0 0.42109375 0.2625 0.0375 0.05546875
0 0.4625 0.25390625 0.01640625 0.0328125
0 0.503125 0.27578125 0.0265625 0.03671875
0 0.490625 0.24296875 0.009375 0.02109375
0 0.5484375 0.24453125 0.009375 0.0171875
0 0.5609375 0.21171875 0.00625 0.01328125
0 0.59375 0.25078125 0.01953125 0.0265625
0 0.61953125 0.2734375 0.03046875 0.05
0 0.66484375 0.271875 0.0171875 0.02890625
0 0.69296875 0.2578125 0.00703125 0.01328125
0 0.703125 0.2546875 0.01171875 0.0171875
0 0.7234375 0.265625 0.0109375 0.0234375
0 0.74921875 0.26953125 0.02734375 0.04375
0 0.77890625 0.26953125 0.01640625 0.02265625
0 0.80703125 0.2671875 0.01875 0.0265625
0 0.8296875 0.2671875 0.02421875 0.040625
0 0.85625 0.271875 0.01640625 0.0234375
0 0.8921875 0.2640625 0.009375 0.0234375
0 0.903125 0.26171875 0.0203125 0.0265625
0 0.9234375 0.26015625 0.0140625 0.0234375
0 0.959375 0.26953125 0.01953125 0.0234375
0 0.99140625 0.25859375 0.01484375 0.0234375
0 0.978125 0.2390625 0.00625 0.0078125
0 0.97734375 0.2625 0.00859375 0.01171875
0 0.94453125 0.23671875 0.00859375 0.009375
0 0.6125 0.21171875 0.00390625 0.0078125
0 0.62734375 0.2203125 0.0046875 0.009375
0 0.865625 0.25859375 0.0109375 0.01875