0 0.015625 0.22578125 0.01953125 0.03046875
0 0.121875 0.2046875 0.021875 0.04375
0 0.2515625 0.16953125 0.0203125 0.03515625
0 0.346875 0.1828125 0.0171875 0.03515625
0 0.4546875 0.13359375 0.021875 0.03515625
0 0.56875 0.12265625 0.01953125 0.03984375
0 0.665625 0.15234375 0.021875 0.0421875
0 0.76015625 0.12734375 0.01875 0.03671875
0 0.82890625 0.165625 0.01875 0.040625
0 0.19609375 0.4609375 0.01640625 0.03671875
0 0.20390625 0.55234375 0.01953125 0.03515625
0 0.3109375 0.54453125 0.0203125 0.03515625
0 0.325 0.45390625 0.0171875 0.03828125
0 0.0734375 0.54765625 0.021875 0.040625
0 0.39140625 0.54296875 0.01875 0.03671875
0 0.43984375 0.446875 0.01875 0.03671875
0 0.465625 0.5359375 0.01953125 0.03359375
0 0.55 0.5359375 0.01953125 0.03984375
0 0.5640625 0.421875 0.01875 0.03828125
0 0.71328125 0.52734375 0.0203125 0.03828125
0 0.7390625 0.421875 0.02265625 0.0453125
0 0.89453125 0.5140625 0.0171875 0.0421875
0 0.9625 0.41015625 0.02265625 0.046875
0 0.60078125 0.584375 0.01484375 0.03984375
0 0.65625 0.56484375 0.021875 0.040625
0 0.0421875 0.6546875 0.021875 0.03984375
0 0.134375 0.66171875 0.0203125 0.0421875
0 0.2203125 0.65625 0.021875 0.04375
0 0.30859375 0.66171875 0.021875 0.04375
0 0.26875 0.7390625 0.021875 0.05234375
0 0.228125 0.87578125 0.02421875 0.046875
0 0.34453125 0.928125 0.0234375 0.0453125
0 0.025 0.94609375 0.01640625 0.05
0 0.1046875 0.9796875 0.01953125 0.03984375
0 0.10859375 0.815625 0.021875 0.05
0 0.45078125 0.80078125 0.01875 0.046875
0 0.4171875 0.74375 0.0171875 0.0453125
0 0.5546875 0.86953125 0.0171875 0.04375
0 0.440625 0.6453125 0.01953125 0.040625
0 0.56171875 0.64296875 0.021875 0.03984375