0 0.153125 0.01484375 0.03203125 0.02890625
0 0.23828125 0.01640625 0.021875 0.03203125
0 0.31640625 0.01484375 0.02734375 0.02890625
0 0.11875 0.3203125 0.0375 0.0640625
0 0.2359375 0.27109375 0.03828125 0.0734375
0 0.43125 0.275 0.025 0.05234375
0 0.3625 0.33359375 0.03515625 0.06015625
0 0.4078125 0.3546875 0.0375 0.06171875
0 0.51484375 0.3 0.0421875 0.06171875
0 0.5890625 0.2984375 0.0265625 0.0421875
0 0.66484375 0.31484375 0.0375 0.06171875
0 0.7703125 0.2578125 0.03984375 0.05546875
0 0.8390625 0.303125 0.03125 0.05859375
0 0.91640625 0.33828125 0.034375 0.06015625