0 0.4234375 0.48671875 0.04296875 0.07734375
0 0.54375 0.45625 0.03046875 0.0484375
0 0.60078125 0.46640625 0.0203125 0.04140625
0 0.30859375 0.54140625 0.0375 0.06328125
0 0.2078125 0.4703125 0.0375 0.06328125
0 0.11328125 0.41640625 0.03125 0.053125
0 0.37265625 0.5015625 0.01875 0.03515625
0 0.5109375 0.4765625 0.01640625 0.03203125
0 0.4625 0.48671875 0.025 0.0421875
0 0.76328125 0.48359375 0.02421875 0.0421875
0 0.846875 0.48125 0.0203125 0.03828125
0 0.90703125 0.50625 0.015625 0.028125
0 0.940625 0.4953125 0.01484375 0.0234375
0 0.96875 0.496875 0.01171875 0.021875
0 0.98515625 0.50859375 0.01171875 0.021875
0 0.8859375 0.51875 0.0140625 0.0265625
0 0.821875 0.50703125 0.0125 0.021875