0 0.096875 0.64375 0.015625 0.0203125
0 0.2078125 0.2859375 0.0078125 0.0125
0 0.1671875 0.31953125 0.0109375 0.01328125
0 0.171875 0.346875 0.0078125 0.01484375
0 0.12578125 0.3953125 0.0109375 0.01875
0 0.11875 0.44609375 0.0109375 0.01796875
0 0.2796875 0.284375 0.00859375 0.01328125
0 0.32578125 0.296875 0.00859375 0.01328125
0 0.3609375 0.28828125 0.00859375 0.01875
0 0.396875 0.24375 0.009375 0.01484375
0 0.32578125 0.3484375 0.0109375 0.02578125
0 0.26875 0.390625 0.0140625 0.02734375
0 0.28046875 0.44140625 0.0109375 0.021875
0 0.3203125 0.3953125 0.01171875 0.021875
0 0.3609375 0.3953125 0.01171875 0.01875
0 0.34140625 0.43203125 0.0125 0.01796875
0 0.42265625 0.2765625 0.009375 0.01484375
0 0.05859375 0.5078125 0.009375 0.01875
0 0.153125 0.5640625 0.01484375 0.02265625
0 0.1796875 0.51328125 0.01171875 0.01875
0 0.209375 0.56796875 0.0125 0.02421875
0 0.1734375 0.63828125 0.01640625 0.0203125
0 0.228125 0.63984375 0.01484375 0.01875
0 0.2828125 0.653125 0.015625 0.01875
0 0.2625 0.5625 0.0125 0.01640625
0 0.23359375 0.5109375 0.0125 0.01796875
0 0.296875 0.5015625 0.0140625 0.0203125
0 0.3140625 0.56640625 0.01484375 0.021875
0 0.3453125 0.50390625 0.0125 0.01875
0 0.36875 0.56484375 0.015625 0.0203125
0 0.39453125 0.5125 0.0140625 0.0203125
0 0.39296875 0.64765625 0.01484375 0.02421875
0 0.4171875 0.5703125 0.01484375 0.021875
0 0.446875 0.65546875 0.015625 0.021875
0 0.4703125 0.56640625 0.01484375 0.0203125
0 0.5 0.64375 0.0140625 0.0203125
0 0.5265625 0.57421875 0.0125 0.021875
0 0.55625 0.640625 0.015625 0.02421875
0 0.58125 0.58671875 0.0125 0.02265625
0 0.3375 0.65703125 0.01484375 0.021875
0 0.4265625 0.36953125 0.009375 0.01640625
0 0.4046875 0.40234375 0.009375 0.01484375
0 0.4109375 0.44140625 0.0125 0.0203125
0 0.4453125 0.40625 0.01171875 0.0203125
0 0.46484375 0.459375 0.01171875 0.01875
0 0.44140625 0.5 0.0140625 0.02265625
0 0.49140625 0.509375 0.01484375 0.0203125
0 0.521875 0.45 0.0109375 0.01796875
0 0.54921875 0.490625 0.01484375 0.01796875
0 0.49375 0.40234375 0.01171875 0.01796875
0 0.525 0.35625 0.009375 0.01484375
0 0.5515625 0.396875 0.0125 0.01875
0 0.5828125 0.4515625 0.01171875 0.01875
0 0.4390625 0.2453125 0.009375 0.01328125
0 0.4796875 0.21953125 0.009375 0.01640625
0 0.51484375 0.2453125 0.0109375 0.01796875
0 0.4640625 0.27109375 0.009375 0.01875
0 0.503125 0.27890625 0.009375 0.01484375
0 0.5453125 0.2828125 0.009375 0.01796875
0 0.55859375 0.2453125 0.009375 0.01484375
0 0.58125 0.28046875 0.009375 0.01796875
0 0.6140625 0.2859375 0.009375 0.01796875
0 0.61875 0.36328125 0.0125 0.02265625
0 0.59921875 0.40078125 0.0125 0.01875
0 0.63203125 0.4484375 0.0140625 0.0203125
0 0.65625 0.4 0.01171875 0.0203125
0 0.696875 0.45 0.0140625 0.02265625
0 0.70078125 0.39296875 0.0125 0.01875
0 0.65546875 0.28828125 0.009375 0.01484375
0 0.69453125 0.3046875 0.0078125 0.01328125
0 0.60546875 0.5109375 0.0140625 0.01875
0 0.6734375 0.4984375 0.0125 0.01875
0 0.63125 0.58671875 0.01484375 0.0203125
0 0.61328125 0.6453125 0.015625 0.0203125
0 0.6703125 0.64375 0.01484375 0.02734375
0 0.6796875 0.5734375 0.0140625 0.01875
0 0.725 0.640625 0.015625 0.021875
0 0.73671875 0.57734375 0.01640625 0.02734375
0 0.77578125 0.64375 0.01640625 0.021875
0 0.78984375 0.5625 0.0140625 0.02265625
0 0.7328125 0.49453125 0.01171875 0.01484375
0 0.7921875 0.5015625 0.0125 0.01484375
0 0.74921875 0.2734375 0.0078125 0.01328125
0 0.7828125 0.30859375 0.00859375 0.01328125
0 0.83125 0.390625 0.01171875 0.01484375
0 0.84453125 0.4390625 0.0109375 0.01484375
0 0.9046875 0.5 0.01171875 0.01796875
0 0.9265625 0.571875 0.01171875 0.021875
0 0.84140625 0.5625 0.01484375 0.0203125
0 0.8703125 0.63984375 0.01484375 0.01796875
0 0.8234375 0.64609375 0.01640625 0.0203125
0 0.778125 0.346875 0.01171875 0.02265625