0 0.071875 0.9671875 0.03828125 0.0640625
0 0.1609375 0.921875 0.0421875 0.0828125
0 0.1828125 0.9046875 0.0296875 0.08671875
0 0.26484375 0.84609375 0.0390625 0.08515625
0 0.19609375 0.78671875 0.025 0.0828125
0 0.12421875 0.7765625 0.0390625 0.0765625
0 0.08671875 0.85234375 0.034375 0.08671875
0 0.06484375 0.778125 0.03984375 0.06953125
0 0.29921875 0.84921875 0.03046875 0.07421875
0 0.2640625 0.7328125 0.0375 0.08671875
0 0.2859375 0.66875 0.0390625 0.08828125
0 0.24375 0.96171875 0.0375 0.05703125
0 0.3328125 0.9671875 0.040625 0.0625
0 0.3421875 0.78515625 0.0328125 0.07265625
0 0.3671875 0.80234375 0.0453125 0.10390625
0 0.42421875 0.7765625 0.03828125 0.08984375
0 0.51796875 0.7609375 0.03984375 0.0828125
0 0.45 0.7015625 0.0359375 0.06796875
0 0.55625 0.7109375 0.0359375 0.0625
0 0.37421875 0.6953125 0.03046875 0.06796875
0 0.4046875 0.775 0.03125 0.0640625
0 0.4 0.6359375 0.0375 0.08125
0 0.4703125 0.603125 0.0421875 0.0765625
0 0.634375 0.86328125 0.0359375 0.07265625
0 0.6984375 0.875 0.04375 0.0984375
0 0.7671875 0.9046875 0.0390625 0.10078125
0 0.73515625 0.97734375 0.03828125 0.04296875
0 0.92265625 0.89609375 0.0328125 0.078125
0 0.81875 0.9171875 0.034375 0.0765625
0 0.83359375 0.85625 0.034375 0.078125
0 0.8671875 0.7296875 0.0390625 0.08515625
0 0.91640625 0.696875 0.0359375 0.0828125
0 0.9515625 0.91484375 0.0375 0.0828125
0 0.975 0.98125 0.040625 0.03671875
0 0.9828125 0.86484375 0.034375 0.07109375
0 0.94921875 0.5203125 0.03125 0.05
0 0.97578125 0.45078125 0.03125 0.0640625
0 0.89765625 0.48359375 0.02734375 0.04140625
0 0.91875 0.53046875 0.03046875 0.0625
0 0.85234375 0.5390625 0.03125 0.05546875
0 0.8703125 0.50078125 0.03046875 0.0484375
0 0.9046875 0.425 0.0296875 0.0625
0 0.9359375 0.384375 0.02734375 0.05
0 0.95625 0.35546875 0.025 0.05390625
0 0.9828125 0.3796875 0.0265625 0.0484375
0 0.971875 0.2890625 0.02734375 0.065625
0 0.9046875 0.2875 0.0265625 0.0625
0 0.98046875 0.2515625 0.0234375 0.03828125
0 0.91484375 0.2375 0.02421875 0.04140625
0 0.959375 0.18515625 0.025 0.05703125
0 0.9828125 0.16328125 0.02421875 0.0484375
0 0.92265625 0.14921875 0.0234375 0.0625
0 0.88515625 0.19609375 0.01875 0.04140625
0 0.9125 0.10390625 0.01484375 0.0328125
0 0.9296875 0.02734375 0.015625 0.0328125
0 0.87421875 0.06796875 0.01484375 0.02109375
0 0.8328125 0.04296875 0.0140625 0.0296875
0 0.8359375 0.07421875 0.015625 0.02109375
0 0.86640625 0.08984375 0.0171875 0.02578125
0 0.8625 0.13828125 0.02265625 0.0328125
0 0.88515625 0.140625 0.01484375 0.03125
0 0.8421875 0.10546875 0.01875 0.04296875
0 0.8171875 0.11796875 0.02265625 0.04140625
0 0.80546875 0.05390625 0.01171875 0.034375
0 0.784375 0.05390625 0.0171875 0.04140625
0 0.7484375 0.06953125 0.01875 0.04140625
0 0.7625 0.0609375 0.00859375 0.02421875
0 0.75625 0.02578125 0.0140625 0.02578125
0 0.83203125 0.15390625 0.025 0.05
0 0.79453125 0.1109375 0.01484375 0.03671875
0 0.76171875 0.10390625 0.01953125 0.0328125
0 0.78359375 0.13359375 0.02265625 0.0484375
0 0.76640625 0.16953125 0.0234375 0.04296875
0 0.7546875 0.159375 0.01953125 0.03984375
0 0.86796875 0.19609375 0.02421875 0.05703125
0 0.80703125 0.1734375 0.0203125 0.0453125
0 0.759375 0.2234375 0.025 0.0484375
0 0.7875 0.22734375 0.0234375 0.046875
0 0.8015625 0.27421875 0.0296875 0.05234375
0 0.83125 0.29609375 0.0265625 0.05234375
0 0.8546875 0.25625 0.02421875 0.05390625
0 0.878125 0.33125 0.03125 0.05234375
0 0.8078125 0.34296875 0.0234375 0.046875
0 0.8421875 0.38125 0.02734375 0.0484375
0 0.84140625 0.44375 0.03046875 0.0609375
0 0.76640625 0.35390625 0.025 0.06796875
0 0.75234375 0.43515625 0.0265625 0.05
0 0.75703125 0.5078125 0.03515625 0.065625
0 0.79140625 0.50078125 0.034375 0.0453125
0 0.8078125 0.55078125 0.0359375 0.0625
0 0.7921875 0.67578125 0.03125 0.05390625
0 0.753125 0.61328125 0.0296875 0.065625
0 0.709375 0.32890625 0.0296875 0.0640625
0 0.73828125 0.3046875 0.0234375 0.05390625
0 0.9890625 0.67265625 0.0203125 0.0640625
0 0.96796875 0.790625 0.03203125 0.06796875
0 0.690625 0.5390625 0.03125 0.05390625
0 0.69609375 0.61875 0.03203125 0.06953125
0 0.69296875 0.44375 0.03046875 0.05390625
0 0.69375 0.3796875 0.03203125 0.05703125
0 0.67421875 0.790625 0.0359375 0.07265625
0 0.6234375 0.75078125 0.028125 0.0765625
0 0.628125 0.540625 0.034375 0.0765625
0 0.56953125 0.5578125 0.0296875 0.07421875
0 0.596875 0.67578125 0.0359375 0.0640625
0 0.521875 0.478125 0.03203125 0.06796875
0 0.4765625 0.49765625 0.025 0.03984375
0 0.66328125 0.346875 0.025 0.04296875
0 0.62109375 0.32734375 0.021875 0.05234375
0 0.653125 0.26484375 0.028125 0.05546875
0 0.67265625 0.26328125 0.021875 0.05546875
0 0.7015625 0.26328125 0.02421875 0.0453125
0 0.72109375 0.1734375 0.0203125 0.05234375
0 0.73359375 0.175 0.0109375 0.04296875
0 0.7234375 0.128125 0.021875 0.0484375
0 0.6515625 0.1109375 0.021875 0.046875
0 0.69375 0.0625 0.01640625 0.04296875
0 0.60859375 0.15390625 0.0234375 0.05
0 0.6171875 0.21875 0.025 0.05546875
0 0.634375 0.0640625 0.01953125 0.03671875
0 0.6515625 0.04140625 0.015625 0.0296875
0 0.61171875 0.0765625 0.0203125 0.034375
0 0.57109375 0.1265625 0.01953125 0.05
0 0.565625 0.16953125 0.0171875 0.0453125
0 0.54609375 0.1765625 0.028125 0.03671875
0 0.56484375 0.065625 0.01875 0.03984375
0 0.61171875 0.0125 0.00859375 0.0171875
0 0.6515625 0.0109375 0.01875 0.021875
0 0.66328125 0.02109375 0.01171875 0.02578125
0 0.675 0.02578125 0.01484375 0.0296875
0 0.6921875 0.01640625 0.01875 0.0328125
0 0.71953125 0.0296875 0.0171875 0.0453125
0 0.53203125 0.14765625 0.01484375 0.03828125
0 0.5203125 0.1234375 0.01640625 0.03671875
0 0.54609375 0.09375 0.01484375 0.046875
0 0.53359375 0.02578125 0.01875 0.02578125
0 0.6609375 0.64453125 0.03125 0.05390625
0 0.40546875 0.54609375 0.02734375 0.04296875
0 0.39921875 0.46953125 0.02734375 0.0453125
0 0.33828125 0.51640625 0.03203125 0.0609375
0 0.3546875 0.5890625 0.021875 0.07421875
0 0.2921875 0.54609375 0.034375 0.0796875
0 0.2671875 0.48359375 0.03046875 0.07265625
0 0.2328125 0.56640625 0.03203125 0.08671875
0 0.215625 0.48203125 0.03203125 0.065625
0 0.21328125 0.41953125 0.02421875 0.05703125
0 0.228125 0.40546875 0.01484375 0.0484375
0 0.23984375 0.396875 0.01484375 0.04296875
0 0.27578125 0.378125 0.028125 0.05
0 0.31796875 0.38125 0.03203125 0.07109375
0 0.3859375 0.35703125 0.0296875 0.065625
0 0.34140625 0.3171875 0.028125 0.05234375
0 0.25859375 0.31015625 0.025 0.05234375
0 0.5 0.18515625 0.0234375 0.05
0 0.459375 0.159375 0.0125 0.05234375
0 0.47734375 0.08984375 0.02265625 0.05234375
0 0.48828125 0.05859375 0.0171875 0.034375
0 0.49296875 0.10390625 0.01640625 0.03671875
0 0.4453125 0.0953125 0.021875 0.034375
0 0.42109375 0.10546875 0.01953125 0.05
0 0.4046875 0.1109375 0.021875 0.0328125
0 0.41640625 0.190625 0.0203125 0.05390625
0 0.44375 0.2046875 0.021875 0.034375
0 0.4015625 0.15078125 0.021875 0.0328125
0 0.37578125 0.21171875 0.02734375 0.0453125
0 0.3703125 0.2546875 0.02734375 0.05
0 0.396875 0.240625 0.021875 0.03984375
0 0.35625 0.15390625 0.01953125 0.0484375
0 0.3484375 0.1109375 0.021875 0.0484375
0 0.3359375 0.19375 0.0171875 0.05
0 0.275 0.190625 0.025 0.0609375
0 0.27109375 0.26484375 0.0265625 0.0625
0 0.321875 0.0953125 0.01875 0.03984375
0 0.365625 0.0921875 0.01640625 0.0484375
0 0.40859375 0.0625 0.01640625 0.04140625
0 0.346875 0.05390625 0.01875 0.03671875
0 0.26640625 0.14765625 0.025 0.0296875
0 0.2875 0.046875 0.0171875 0.03828125
0 0.30625 0.03828125 0.01640625 0.03984375
0 0.38203125 0.02578125 0.01953125 0.03828125
0 0.35859375 0.034375 0.015625 0.03828125
0 0.353125 0.009375 0.015625 0.01875
0 0.23515625 0.08984375 0.021875 0.04140625
0 0.24375 0.02578125 0.015625 0.0328125
0 0.2703125 0.0078125 0.01640625 0.015625
0 0.18984375 0.0453125 0.01640625 0.0453125
0 0.1625 0.03125 0.015625 0.04140625
0 0.20390625 0.0984375 0.01640625 0.0296875
0 0.2125 0.125 0.01484375 0.034375
0 0.23359375 0.1609375 0.015625 0.0296875
0 0.1890625 0.1296875 0.01953125 0.0609375
0 0.234375 0.05390625 0.0140625 0.0296875
0 0.18671875 0.09375 0.01875 0.0296875
0 0.17109375 0.14765625 0.02421875 0.05703125
0 0.15234375 0.096875 0.01953125 0.03984375
0 0.12578125 0.078125 0.01953125 0.03828125
0 0.1203125 0.1125 0.01875 0.03671875
0 0.12734375 0.0328125 0.01875 0.034375
0 0.0875 0.078125 0.0171875 0.034375
0 0.0875 0.034375 0.01640625 0.03125
0 0.14140625 0.16796875 0.02421875 0.046875
0 0.15546875 0.19609375 0.02421875 0.05
0 0.20234375 0.19609375 0.0265625 0.05546875
0 0.22265625 0.1875 0.01953125 0.05390625
0 0.04609375 0.03828125 0.01953125 0.046875
0 0.0421875 0.00703125 0.0203125 0.0140625
0 0.0609375 0.1140625 0.025 0.05234375
0 0.0375 0.11796875 0.01640625 0.02578125
0 0.0296875 0.16484375 0.0171875 0.05
0 0.1890625 0.2359375 0.021875 0.05390625
0 0.21171875 0.37578125 0.03046875 0.05859375
0 0.1734375 0.35390625 0.03046875 0.046875
0 0.1453125 0.2546875 0.01953125 0.04296875
0 0.0953125 0.3515625 0.028125 0.05390625
0 0.06484375 0.409375 0.02421875 0.05
0 0.10859375 0.43828125 0.02265625 0.04296875
0 0.0828125 0.45234375 0.028125 0.0765625
0 0.06171875 0.4765625 0.02734375 0.0609375
0 0.11328125 0.54453125 0.02734375 0.05
0 0.18046875 0.540625 0.034375 0.0796875
0 0.14765625 0.57734375 0.03203125 0.06953125
0 0.0671875 0.55625 0.03046875 0.06796875
0 0.18046875 0.70390625 0.0328125 0.0640625
0 0.165625 0.62734375 0.034375 0.06953125
0 0.13984375 0.68984375 0.03515625 0.0765625
0 0.10390625 0.69140625 0.0359375 0.0640625
0 0.075 0.64296875 0.03203125 0.06953125
0 0.03828125 0.59453125 0.03515625 0.0640625
0 0.02578125 0.67734375 0.0203125 0.07109375
0 0.559375 0.0125 0.01875 0.02421875
0 0.50390625 0.0296875 0.0171875 0.03125
0 0.51953125 0.0109375 0.0171875 0.021875
0 0.7671875 0.28046875 0.02265625 0.0453125
0 0.4515625 0.03828125 0.0125 0.02421875
0 0.37109375 0.4796875 0.03125 0.05703125
0 0.00859375 0.16953125 0.0171875 0.046875
0 0.0140625 0.03125 0.0171875 0.034375