0 0.39140625 0.5171875 0.0203125 0.04375
0 0.10234375 0.48984375 0.02265625 0.03828125
0 0.14765625 0.45703125 0.0171875 0.03515625
0 0.1796875 0.43125 0.0171875 0.03828125
0 0.28203125 0.365625 0.0171875 0.02890625
0 0.275 0.4828125 0.01953125 0.03515625
0 0.3640625 0.43984375 0.01875 0.03359375
0 0.38671875 0.3796875 0.0140625 0.02734375
0 0.41484375 0.3765625 0.01484375 0.02890625
0 0.5140625 0.45234375 0.01484375 0.02890625
0 0.6625 0.49140625 0.0203125 0.03828125
0 0.68828125 0.4671875 0.01484375 0.03359375
0 0.7046875 0.475 0.01875 0.03515625
0 0.76953125 0.1609375 0.01953125 0.02734375
0 0.64921875 0.08203125 0.0171875 0.02578125
0 0.3359375 0.45234375 0.01953125 0.03203125
0 0.30546875 0.45390625 0.01875 0.03515625