0 0.2875 0.34296875 0.053125 0.09375
0 0.0734375 0.2234375 0.059375 0.11328125
0 0.21328125 0.2265625 0.06328125 0.1359375
0 0.35703125 0.309375 0.0578125 0.11171875
0 0.409375 0.296875 0.040625 0.090625
0 0.465625 0.35234375 0.0546875 0.09921875
0 0.6140625 0.28203125 0.05859375 0.11015625
0 0.74296875 0.2453125 0.059375 0.11015625
0 0.87421875 0.34453125 0.0703125 0.12734375
0 0.5296875 0.3984375 0.03828125 0.075
0 0.6671875 0.33984375 0.04375 0.0828125
0 0.0171875 0.33203125 0.034375 0.0875
0 0.9203125 0.390625 0.0390625 0.0890625
0 0.49765625 0.41953125 0.03203125 0.0765625