0 0.0703125 0.45859375 0.0140625 0.03046875
0 0.04375 0.4484375 0.00625 0.01796875
0 0.24609375 0.434375 0.01171875 0.03046875
0 0.325 0.4203125 0.0046875 0.0140625
0 0.3375 0.40390625 0.00625 0.0125
0 0.390625 0.41015625 0.00625 0.0140625
0 0.38203125 0.42421875 0.0046875 0.01015625
0 0.7625 0.51328125 0.02421875 0.075
0 0.46640625 0.434375 0.00703125 0.0203125
0 0.4734375 0.4265625 0.00703125 0.02421875
0 0.48125 0.41796875 0.0078125 0.0265625
0 0.5140625 0.4140625 0.00703125 0.01796875
0 0.56015625 0.40390625 0.0046875 0.0140625
0 0.52421875 0.4125 0.00390625 0.0125
0 0.54765625 0.40390625 0.0046875 0.01015625
0 0.7125 0.4140625 0.0109375 0.021875
0 0.64375 0.39765625 0.00703125 0.01640625
0 0.6609375 0.4 0.00703125 0.01796875
0 0.68046875 0.38203125 0.00625 0.0125
0 0.69921875 0.38203125 0.00625 0.0125
0 0.69453125 0.3921875 0.0046875 0.0140625
0 0.5921875 0.4 0.00390625 0.0125
0 0.7359375 0.40390625 0.00859375 0.0265625
0 0.76015625 0.38359375 0.0046875 0.0125
0 0.7765625 0.371875 0.00625 0.0140625
0 0.790625 0.3859375 0.00625 0.01640625
0 0.8109375 0.36796875 0.0046875 0.0140625
0 0.8703125 0.36328125 0.00859375 0.02421875
0 0.828125 0.36328125 0.00625 0.01015625
0 0.81796875 0.365625 0.00703125 0.0140625
0 0.9234375 0.3796875 0.009375 0.021875
0 0.95 0.37578125 0.0078125 0.01796875
0 0.91171875 0.3515625 0.00703125 0.0140625
0 0.9421875 0.35546875 0.00703125 0.0125
0 0.98203125 0.3453125 0.0046875 0.0140625
0 0.959375 0.3578125 0.00703125 0.0140625
0 0.59765625 0.4140625 0.00625 0.01796875
0 0.67265625 0.3921875 0.0046875 0.0140625