0 0.0421875 0.51328125 0.0109375 0.02734375
0 0.1625 0.56796875 0.0140625 0.0296875
0 0.1421875 0.5078125 0.00703125 0.01015625
0 0.1109375 0.5015625 0.0046875 0.0078125
0 0.17890625 0.51796875 0.0046875 0.01328125
0 0.190625 0.515625 0.00703125 0.01328125
0 0.290625 0.5234375 0.0140625 0.021875
0 0.31328125 0.59140625 0.01171875 0.03125
0 0.3421875 0.62265625 0.021875 0.0453125
0 0.353125 0.515625 0.00703125 0.0140625
0 0.45 0.61875 0.0109375 0.0390625
0 0.4296875 0.53515625 0.0078125 0.01953125
0 0.5140625 0.54921875 0.0140625 0.02890625
0 0.4890625 0.65234375 0.025 0.053125
0 0.50703125 0.71640625 0.0171875 0.0703125
0 0.56328125 0.5625 0.00859375 0.02734375
0 0.5328125 0.49375 0.00703125 0.01328125
0 0.6203125 0.509375 0.01171875 0.01796875
0 0.6484375 0.5328125 0.015625 0.0375
0 0.6546875 0.58828125 0.021875 0.046875
0 0.66484375 0.6578125 0.034375 0.07265625
0 0.6890625 0.48984375 0.009375 0.015625
0 0.60859375 0.4703125 0.00703125 0.0140625
0 0.75703125 0.57578125 0.03125 0.053125
0 0.74140625 0.54921875 0.0234375 0.040625
0 0.77890625 0.51328125 0.00859375 0.025
0 0.8125 0.4609375 0.0078125 0.02109375
0 0.9421875 0.65 0.03203125 0.08046875
0 0.90546875 0.67421875 0.025 0.0625
0 0.98828125 0.5703125 0.0234375 0.046875
0 0.94609375 0.52578125 0.01484375 0.0390625
0 0.8890625 0.54453125 0.015625 0.0375
0 0.86015625 0.45703125 0.00703125 0.01953125
0 0.89296875 0.4703125 0.00703125 0.0140625
0 0.9546875 0.45859375 0.00703125 0.01796875
0 0.975 0.47109375 0.01171875 0.02109375
0 0.8 0.5296875 0.0109375 0.025
0 0.24140625 0.55703125 0.0078125 0.02109375
0 0.3375 0.5140625 0.00703125 0.01328125
0 0.6828125 0.46640625 0.00625 0.01171875
0 0.621875 0.4765625 0.00625 0.01171875
0 0.3078125 0.51953125 0.009375 0.0140625
0 0.23203125 0.5328125 0.00703125 0.0140625
0 0.21796875 0.51953125 0.00703125 0.01171875