0 0.2015625 0.35703125 0.0234375 0.04140625
0 0.27265625 0.41484375 0.01953125 0.034375
0 0.3328125 0.4296875 0.0140625 0.0265625
0 0.38125 0.45234375 0.0109375 0.02265625
0 0.1578125 0.45546875 0.01484375 0.0234375
0 0.0453125 0.4125 0.0171875 0.034375
0 0.60234375 0.3703125 0.02734375 0.0375
0 0.91875 0.38359375 0.02265625 0.0296875
0 0.82890625 0.440625 0.01640625 0.0234375
0 0.7671875 0.45078125 0.01171875 0.01484375
0 0.99453125 0.41484375 0.0109375 0.0328125
0 0.8078125 0.409375 0.009375 0.01953125
0 0.38046875 0.42421875 0.00703125 0.01171875
0 0.43046875 0.471875 0.0078125 0.01640625
0 0.4046875 0.46875 0.009375 0.01796875