0 0.01640625 0.38203125 0.03046875 0.05859375
0 0.13984375 0.340625 0.025 0.05703125
0 0.1109375 0.3046875 0.01171875 0.025
0 0.16328125 0.2953125 0.0125 0.02109375
0 0.175 0.31796875 0.0171875 0.04296875
0 0.22421875 0.3609375 0.0265625 0.04453125
0 0.2328125 0.434375 0.034375 0.06875
0 0.2015625 0.31328125 0.015625 0.0296875
0 0.22421875 0.32265625 0.0203125 0.0296875
0 0.2640625 0.334375 0.01484375 0.0328125
0 0.23125 0.29375 0.009375 0.01328125
0 0.2984375 0.3 0.01484375 0.025
0 0.3015625 0.4390625 0.03828125 0.08515625
0 0.26640625 0.51484375 0.065625 0.128125
0 0.33828125 0.3359375 0.0109375 0.01953125
0 0.3359375 0.371875 0.02734375 0.0609375
0 0.38203125 0.40625 0.025 0.05078125
0 0.3703125 0.3296875 0.0109375 0.025
0 0.38359375 0.29375 0.00859375 0.02265625
0 0.390625 0.2921875 0.0078125 0.02109375
0 0.34609375 0.31171875 0.00859375 0.01484375
0 0.4734375 0.29140625 0.0109375 0.01640625
0 0.490625 0.3078125 0.0109375 0.01796875
0 0.48828125 0.3390625 0.015625 0.0359375
0 0.4546875 0.31015625 0.01171875 0.01953125
0 0.53125 0.328125 0.015625 0.0296875
0 0.55078125 0.35703125 0.01953125 0.04453125
0 0.45703125 0.39140625 0.025 0.05703125
0 0.42890625 0.3921875 0.040625 0.08359375
0 0.45234375 0.58984375 0.10625 0.2046875
0 0.61875 0.39375 0.04609375 0.09375
0 0.6859375 0.41484375 0.0234375 0.05234375
0 0.71015625 0.38828125 0.0234375 0.05234375
0 0.72890625 0.3703125 0.01875 0.034375
0 0.73125 0.3390625 0.0125 0.02421875
0 0.6703125 0.35859375 0.01171875 0.02265625
0 0.675 0.34921875 0.01484375 0.02421875
0 0.775 0.31796875 0.0078125 0.01484375
0 0.7515625 0.31484375 0.009375 0.01640625
0 0.83515625 0.3296875 0.01640625 0.03125
0 0.8328125 0.41953125 0.0265625 0.0609375
0 0.8765625 0.3359375 0.0171875 0.0296875
0 0.8765625 0.3640625 0.021875 0.034375
0 0.76484375 0.35390625 0.0125 0.02109375
0 0.3390625 0.2921875 0.0078125 0.01015625
0 0.9359375 0.44765625 0.025 0.05078125
0 0.79765625 0.4953125 0.04296875 0.08359375
0 0.8171875 0.4359375 0.0234375 0.04921875
0 0.71171875 0.31640625 0.0109375 0.0265625
0 0.98125 0.334375 0.015625 0.0296875
0 0.9921875 0.35234375 0.0140625 0.040625
0 0.940625 0.734375 0.11875 0.18359375
0 0.97578125 0.54296875 0.04765625 0.07890625
0 0.04296875 0.3625 0.0171875 0.028125
0 0.590625 0.3625 0.0140625 0.0265625
0 0.67890625 0.31796875 0.0078125 0.02109375