0 0.06953125 0.63046875 0.00625 0.009375
0 0.115625 0.6421875 0.00625 0.0078125
0 0.12265625 0.63515625 0.0046875 0.00625
0 0.16171875 0.6421875 0.00703125 0.01015625
0 0.17109375 0.646875 0.00625 0.01015625
0 0.17890625 0.63671875 0.0046875 0.0078125
0 0.18671875 0.64453125 0.0078125 0.0140625
0 0.1921875 0.63828125 0.00703125 0.01015625
0 0.20859375 0.63671875 0.00703125 0.01328125
0 0.23515625 0.6421875 0.00625 0.01015625
0 0.24765625 0.65 0.00859375 0.0140625
0 0.25703125 0.646875 0.00703125 0.015625
0 0.2484375 0.63828125 0.0078125 0.01015625
0 0.26484375 0.65078125 0.0046875 0.0078125
0 0.271875 0.65078125 0.0046875 0.01171875
0 0.28046875 0.65625 0.0078125 0.0140625
0 0.3078125 0.6484375 0.00703125 0.01171875
0 0.315625 0.64453125 0.00859375 0.01796875
0 0.3390625 0.6328125 0.00703125 0.01171875
0 0.3625 0.65625 0.0109375 0.021875
0 0.34765625 0.65 0.00625 0.01015625
0 0.37265625 0.65390625 0.00859375 0.01796875
0 0.4140625 0.65625 0.0078125 0.01328125
0 0.41875 0.6328125 0.0046875 0.009375
0 0.4390625 0.65234375 0.00703125 0.01171875
0 0.4484375 0.65390625 0.00859375 0.01953125
0 0.4546875 0.6625 0.0046875 0.01015625
0 0.459375 0.6640625 0.00390625 0.01015625
0 0.4734375 0.66171875 0.009375 0.01328125
0 0.4875 0.6640625 0.0109375 0.01953125
0 0.49921875 0.66171875 0.00859375 0.0140625
0 0.5125 0.66171875 0.01171875 0.0234375
0 0.528125 0.6546875 0.009375 0.015625
0 0.559375 0.671875 0.0140625 0.02109375
0 0.571875 0.665625 0.009375 0.01796875
0 0.63203125 0.65625 0.00859375 0.0140625
0 0.603125 0.66640625 0.0109375 0.015625
0 0.6609375 0.665625 0.015625 0.025
0 0.6765625 0.65625 0.00859375 0.01171875
0 0.6890625 0.68125 0.0125 0.025
0 0.74765625 0.6578125 0.00859375 0.01796875
0 0.7875 0.6875 0.025 0.04453125
0 0.79609375 0.65625 0.0109375 0.01953125
0 0.84453125 0.68203125 0.01640625 0.02578125
0 0.93671875 0.67734375 0.0140625 0.02109375
0 0.33671875 0.65390625 0.0078125 0.0140625
0 0.3703125 0.63828125 0.00703125 0.01015625