0 0.503125 0.521875 0.0453125 0.0359375
0 0.690625 0.51171875 0.0484375 0.03828125
0 0.9625 0.52109375 0.06328125 0.03984375
0 0.85625 0.53203125 0.05625 0.040625
0 0.9203125 0.4890625 0.02421875 0.02109375
0 0.94921875 0.46640625 0.0234375 0.02109375
0 0.8890625 0.48359375 0.0234375 0.01875
0 0.97890625 0.465625 0.01640625 0.02109375
0 0.8421875 0.43359375 0.021875 0.0203125
0 0.86171875 0.41640625 0.0203125 0.02109375
0 0.91640625 0.41015625 0.02265625 0.0203125
0 0.7828125 0.46640625 0.0234375 0.01953125
0 0.7609375 0.49375 0.0234375 0.02109375
0 0.5671875 0.50078125 0.0234375 0.01953125
0 0.60625 0.45703125 0.02265625 0.01875
0 0.634375 0.446875 0.0234375 0.01875
0 0.753125 0.43203125 0.0234375 0.01796875
0 0.7984375 0.421875 0.021875 0.0203125
0 0.55546875 0.4203125 0.02265625 0.01953125
0 0.6890625 0.42734375 0.021875 0.0171875
0 0.9796875 0.35 0.01953125 0.01796875
0 0.9578125 0.31953125 0.0203125 0.01875
0 0.82265625 0.35234375 0.0203125 0.02109375
0 0.99140625 0.30390625 0.015625 0.01953125
0 0.8953125 0.29296875 0.021875 0.01875
0 0.85078125 0.31484375 0.0203125 0.01875
0 0.7671875 0.3328125 0.021875 0.0203125
0 0.66484375 0.33984375 0.021875 0.0203125
0 0.7125 0.30390625 0.0203125 0.01875
0 0.73515625 0.2859375 0.0203125 0.0171875
0 0.8265625 0.296875 0.01953125 0.01640625
0 0.653125 0.31953125 0.02734375 0.01953125
0 0.6578125 0.2953125 0.0234375 0.0203125
0 0.95390625 0.2640625 0.02265625 0.01875
0 0.87421875 0.2734375 0.02265625 0.01484375
0 0.63046875 0.26015625 0.02265625 0.0171875
0 0.675 0.24609375 0.0203125 0.01796875
0 0.9796875 0.24921875 0.0203125 0.01796875
0 0.8625 0.25703125 0.01953125 0.015625
0 0.75859375 0.23828125 0.01953125 0.0171875
0 0.72890625 0.22578125 0.01875 0.01640625
0 0.61015625 0.24609375 0.0234375 0.01875
0 0.5609375 0.225 0.0171875 0.0171875
0 0.671875 0.209375 0.015625 0.01640625
0 0.8015625 0.209375 0.0203125 0.0171875
0 0.85859375 0.2171875 0.0140625 0.01484375
0 0.875 0.23671875 0.0140625 0.01640625
0 0.91875 0.22109375 0.0140625 0.01640625
0 0.9609375 0.23671875 0.015625 0.0140625
0 0.97734375 0.23203125 0.01875 0.01640625
0 0.8140625 0.2390625 0.0171875 0.0171875
0 0.6203125 0.22578125 0.0203125 0.015625
0 0.6390625 0.184375 0.01640625 0.01640625
0 0.5625 0.18671875 0.01953125 0.0140625
0 0.6 0.18203125 0.01640625 0.0171875
0 0.68046875 0.1828125 0.01875 0.01640625
0 0.7125 0.20078125 0.01953125 0.01796875
0 0.84375 0.19765625 0.01953125 0.01640625
0 0.7828125 0.1890625 0.0171875 0.01796875
0 0.82109375 0.16484375 0.0203125 0.01875
0 0.88203125 0.1625 0.01875 0.01640625
0 0.9671875 0.18359375 0.01875 0.015625
0 0.99375 0.1609375 0.0125 0.015625
0 0.51953125 0.28984375 0.01953125 0.01953125
0 0.51640625 0.2359375 0.0171875 0.01796875
0 0.4859375 0.22109375 0.0203125 0.01875
0 0.884375 0.13671875 0.01640625 0.0140625
0 0.94765625 0.1359375 0.01875 0.01328125
0 0.89375 0.1109375 0.01953125 0.01640625
0 0.94375 0.15859375 0.01640625 0.01328125
0 0.9578125 0.1125 0.01875 0.0171875
0 0.9796875 0.07734375 0.0203125 0.01796875
0 0.93828125 0.0234375 0.0171875 0.015625
0 0.8953125 0.04921875 0.01640625 0.0171875
0 0.859375 0.078125 0.015625 0.015625
0 0.82734375 0.13671875 0.01875 0.0171875
0 0.8125 0.11640625 0.0171875 0.0171875
0 0.7671875 0.13828125 0.0171875 0.0171875
0 0.70390625 0.15703125 0.0203125 0.015625
0 0.74140625 0.11640625 0.01953125 0.0171875
0 0.77265625 0.08828125 0.01953125 0.01328125
0 0.7328125 0.09609375 0.021875 0.0171875
0 0.65625 0.10703125 0.0171875 0.015625
0 0.63203125 0.1625 0.0203125 0.015625
0 0.59453125 0.11171875 0.01875 0.0171875
0 0.61015625 0.09375 0.01875 0.0171875
0 0.7484375 0.0765625 0.01875 0.0171875
0 0.79765625 0.0875 0.01875 0.01640625
0 0.66953125 0.0953125 0.0203125 0.0171875
0 0.6890625 0.0640625 0.0203125 0.0171875
0 0.62421875 0.06796875 0.0171875 0.01484375
0 0.6578125 0.03828125 0.01484375 0.015625
0 0.82421875 0.03828125 0.01953125 0.01640625
0 0.69453125 0.021875 0.0171875 0.0171875
0 0.7125 0.03671875 0.0171875 0.0171875
0 0.778125 0.02109375 0.01875 0.0171875
0 0.8359375 0.0171875 0.015625 0.0140625
0 0.8671875 0.01015625 0.0171875 0.01484375
0 0.8953125 0.00390625 0.015625 0.0078125
0 0.21796875 0.584375 0.021875 0.0203125
0 0.090625 0.590625 0.025 0.02109375
0 0.18203125 0.54921875 0.02265625 0.01953125
0 0.13984375 0.52578125 0.0203125 0.0171875
0 0.25703125 0.53515625 0.02265625 0.01640625
0 0.0765625 0.55234375 0.02421875 0.01953125
0 0.05390625 0.590625 0.02265625 0.01875
0 0.0484375 0.51796875 0.02265625 0.02421875
0 0.06953125 0.49453125 0.01953125 0.01875
0 0.14765625 0.57890625 0.02265625 0.0203125
0 0.409375 0.52890625 0.02265625 0.0203125
0 0.33203125 0.55390625 0.01953125 0.02109375
0 0.384375 0.42734375 0.0203125 0.01640625
0 0.3140625 0.42734375 0.02265625 0.0171875
0 0.2359375 0.4234375 0.0234375 0.02109375
0 0.04609375 0.4578125 0.02421875 0.01953125
0 0.1765625 0.47265625 0.0234375 0.01640625
0 0.184375 0.4 0.02421875 0.01953125
0 0.0796875 0.4296875 0.0171875 0.01796875
0 0.0921875 0.409375 0.01953125 0.015625
0 0.0640625 0.3859375 0.0203125 0.0171875
0 0.259375 0.38046875 0.01640625 0.0171875
0 0.278125 0.3640625 0.01953125 0.01640625
0 0.128125 0.39375 0.015625 0.01640625
0 0.190625 0.384375 0.01640625 0.0171875
0 0.1140625 0.35703125 0.01953125 0.0171875
0 0.1734375 0.3578125 0.0171875 0.01640625
0 0.15390625 0.44375 0.01875 0.02109375
0 0.465625 0.321875 0.02734375 0.02265625
0 0.4125 0.3046875 0.021875 0.01875
0 0.365625 0.3609375 0.0203125 0.01796875
0 0.3609375 0.34296875 0.02265625 0.0171875
0 0.253125 0.3234375 0.0171875 0.0171875
0 0.17578125 0.3140625 0.021875 0.01875
0 0.11640625 0.3390625 0.01875 0.01484375
0 0.03828125 0.3359375 0.01875 0.01796875
0 0.07734375 0.29921875 0.021875 0.01875
0 0.0234375 0.303125 0.021875 0.01484375
0 0.1296875 0.3 0.01953125 0.01328125
0 0.196875 0.2875 0.02265625 0.0203125
0 0.2625 0.29453125 0.0203125 0.01953125
0 0.334375 0.315625 0.02265625 0.0203125
0 0.3296875 0.28515625 0.01875 0.0171875
0 0.4078125 0.28515625 0.025 0.01640625
0 0.303125 0.2671875 0.0203125 0.01875
0 0.41015625 0.2609375 0.0171875 0.015625
0 0.2328125 0.26328125 0.021875 0.0171875
0 0.15546875 0.2796875 0.021875 0.01875
0 0.2859375 0.246875 0.0203125 0.01875
0 0.34609375 0.26171875 0.01640625 0.01484375
0 0.35234375 0.27265625 0.01484375 0.01640625
0 0.41484375 0.2359375 0.0234375 0.0171875
0 0.29921875 0.2265625 0.0203125 0.01796875
0 0.2265625 0.22734375 0.021875 0.0171875
0 0.15 0.23359375 0.01953125 0.0171875
0 0.02265625 0.1984375 0.02265625 0.01640625
0 0.2734375 0.190625 0.01953125 0.0171875
0 0.4203125 0.1921875 0.01875 0.01640625
0 0.340625 0.1703125 0.0203125 0.01640625
0 0.496875 0.19453125 0.0171875 0.0171875
0 0.35859375 0.2234375 0.0171875 0.0203125
0 0.525 0.12265625 0.021875 0.01640625
0 0.49140625 0.1078125 0.01953125 0.01640625
0 0.46171875 0.1265625 0.01875 0.01640625
0 0.41015625 0.11484375 0.0171875 0.0140625
0 0.334375 0.11015625 0.01875 0.01640625
0 0.29609375 0.15703125 0.01640625 0.015625
0 0.5421875 0.0921875 0.01875 0.0171875
0 0.528125 0.1796875 0.021875 0.0171875
0 0.478125 0.0796875 0.01640625 0.0140625
0 0.46015625 0.075 0.01640625 0.015625
0 0.4046875 0.0640625 0.0171875 0.0171875
0 0.55859375 0.07734375 0.01953125 0.015625
0 0.5953125 0.04375 0.01640625 0.01640625
0 0.61640625 0.009375 0.0171875 0.01328125
0 0.53984375 0.03203125 0.0203125 0.0171875
0 0.5015625 0.03046875 0.01875 0.01640625
0 0.46015625 0.03203125 0.015625 0.01484375
0 0.42421875 0.02421875 0.01875 0.015625
0 0.2578125 0.0546875 0.01953125 0.0171875
0 0.196875 0.0859375 0.0171875 0.0171875
0 0.2171875 0.071875 0.01875 0.0171875
0 0.196875 0.06796875 0.01953125 0.0171875
0 0.209375 0.0421875 0.01640625 0.01484375
0 0.321875 0.009375 0.01875 0.01640625
0 0.50859375 0.05859375 0.01875 0.01640625
0 0.5703125 0.1546875 0.01953125 0.0171875
0 0.45546875 0.16796875 0.01640625 0.0125
0 0.53125 0.00625 0.021875 0.0125
0 0.15546875 0.1203125 0.01875 0.0171875
0 0.0921875 0.1328125 0.0203125 0.01875
0 0.0109375 0.1671875 0.01953125 0.0140625
0 0.015625 0.12578125 0.015625 0.0171875
0 0.11640625 0.08984375 0.0171875 0.015625
0 0.115625 0.04453125 0.015625 0.0140625
0 0.05625 0.05625 0.01875 0.01640625
0 0.06328125 0.0125 0.01640625 0.01484375
0 0.14765625 0.03515625 0.01953125 0.01484375
0 0.19609375 0.0078125 0.0171875 0.0140625
0 0.22890625 0.19765625 0.01640625 0.01328125
0 0.49375 0.27578125 0.02265625 0.0171875
0 0.35078125 0.46953125 0.021875 0.0171875
0 0.77421875 0.275 0.0171875 0.015625
0 0.9140625 0.25703125 0.0140625 0.01328125
0 0.91484375 0.17734375 0.01484375 0.01328125
0 0.31953125 0.0609375 0.01640625 0.01328125
0 0.1984375 0.0328125 0.0203125 0.0140625
0 0.10390625 0.1234375 0.01875 0.015625
0 0.2546875 0.4984375 0.0203125 0.015625
0 0.565625 0.3078125 0.02265625 0.0171875
0 0.00546875 0.48515625 0.0109375 0.01640625
0 0.03046875 0.109375 0.02265625 0.0171875