0 0.06171875 0.0703125 0.009375 0.01640625
0 0.06015625 0.05234375 0.00859375 0.01484375
0 0.0671875 0.10703125 0.01171875 0.025
0 0.0984375 0.0734375 0.00859375 0.0171875
0 0.1140625 0.0453125 0.00625 0.01171875
0 0.103125 0.15546875 0.0234375 0.03828125
0 0.065625 0.228125 0.0390625 0.05859375
0 0.10859375 0.2296875 0.021875 0.04375
0 0.14375 0.1359375 0.021875 0.040625
0 0.15546875 0.07578125 0.009375 0.0171875
0 0.1875 0.0671875 0.009375 0.01484375
0 0.23359375 0.15546875 0.0203125 0.03671875
0 0.25625 0.1375 0.01875 0.0203125
0 0.27265625 0.19921875 0.0265625 0.046875
0 0.321875 0.23828125 0.028125 0.046875
0 0.18125 0.36484375 0.0359375 0.06171875
0 0.2296875 0.31796875 0.0265625 0.05546875
0 0.07421875 0.55625 0.05078125 0.090625
0 0.1265625 0.7453125 0.06953125 0.16875
0 0.40703125 0.07734375 0.0125 0.021875
0 0.38125 0.14765625 0.0171875 0.028125
0 0.36015625 0.2125 0.025 0.05390625
0 0.40625 0.259375 0.02734375 0.046875
0 0.4203125 0.17109375 0.021875 0.040625
0 0.47265625 0.17734375 0.021875 0.040625
0 0.50625 0.08203125 0.01171875 0.025
0 0.5140625 0.075 0.0125 0.025
0 0.51171875 0.1453125 0.0171875 0.03828125
0 0.496875 0.23984375 0.0296875 0.0421875
0 0.5890625 0.2140625 0.0171875 0.06015625
0 0.5578125 0.10703125 0.01484375 0.0234375
0 0.565625 0.07578125 0.0125 0.021875
0 0.64375 0.09375 0.0109375 0.021875
0 0.65625 0.07890625 0.0078125 0.01640625
0 0.68828125 0.07734375 0.0140625 0.021875
0 0.70390625 0.0875 0.01171875 0.021875
0 0.7296875 0.10546875 0.0109375 0.021875
0 0.7453125 0.08359375 0.01171875 0.028125
0 0.6546875 0.1640625 0.0171875 0.040625
0 0.671875 0.159375 0.01953125 0.03828125
0 0.7015625 0.1375 0.0125 0.03203125
0 0.7828125 0.10859375 0.01171875 0.0203125
0 0.79765625 0.0890625 0.00859375 0.0203125
0 0.80703125 0.090625 0.0109375 0.025
0 0.83828125 0.0890625 0.0109375 0.0265625
0 0.75703125 0.14375 0.01640625 0.0203125
0 0.78046875 0.19609375 0.01953125 0.03984375
0 0.79765625 0.1828125 0.025 0.04375
0 0.80625 0.2375 0.01640625 0.06171875
0 0.8703125 0.1640625 0.01640625 0.03828125
0 0.88984375 0.1859375 0.0171875 0.03515625
0 0.8671875 0.22421875 0.025 0.0484375
0 0.6703125 0.34140625 0.03515625 0.08203125
0 0.58984375 0.4390625 0.0375 0.0734375
0 0.68671875 0.40234375 0.03828125 0.08359375
0 0.72421875 0.4390625 0.05390625 0.0953125
0 0.7671875 0.3265625 0.0359375 0.0484375
0 0.81640625 0.396875 0.0328125 0.0734375
0 0.8421875 0.40546875 0.0453125 0.1109375
0 0.7078125 0.56953125 0.03203125 0.10390625
0 0.9390625 0.40546875 0.04296875 0.0703125
0 0.9484375 0.47890625 0.04375 0.11015625
0 0.98203125 0.5453125 0.0359375 0.096875
0 0.9125 0.7234375 0.03984375 0.1453125
0 0.5515625 0.8328125 0.0984375 0.14609375
0 0.196875 0.1375 0.015625 0.0265625
0 0.2875 0.71328125 0.0765625 0.1375
0 0.0203125 0.01328125 0.0078125 0.0171875
0 0.10078125 0.0203125 0.00703125 0.01015625
0 0.93671875 0.3265625 0.03515625 0.06171875
0 0.925 0.25 0.021875 0.05234375
0 0.59921875 0.353125 0.028125 0.075