0 0.4984375 0.31796875 0.0109375 0.025
0 0.4390625 0.29921875 0.01875 0.02890625
0 0.61796875 0.525 0.05078125 0.0796875
0 0.5875 0.428125 0.0171875 0.04453125
0 0.490625 0.459375 0.021875 0.053125
0 0.68515625 0.3984375 0.0203125 0.03671875
0 0.88984375 0.42421875 0.01953125 0.0375
0 0.7921875 0.4078125 0.021875 0.03671875
0 0.78203125 0.43984375 0.02265625 0.04140625
0 0.1484375 0.52109375 0.03515625 0.06875
0 0.240625 0.46328125 0.025 0.04140625
0 0.14453125 0.66171875 0.0765625 0.11484375
0 0.06953125 0.46875 0.0390625 0.07421875
0 0.8234375 0.790625 0.06640625 0.15078125