0 0.0578125 0.27421875 0.015625 0.02578125
0 0.14453125 0.26875 0.0171875 0.03125
0 0.09453125 0.30859375 0.01171875 0.02890625
0 0.10625 0.48671875 0.0421875 0.0765625
0 0.2046875 0.56015625 0.0484375 0.109375
0 0.271875 0.27421875 0.0125 0.02734375
0 0.3140625 0.26796875 0.0171875 0.02578125
0 0.31328125 0.40859375 0.0359375 0.06171875
0 0.48203125 0.37734375 0.03203125 0.05859375
0 0.61640625 0.35390625 0.03203125 0.05859375
0 0.8 0.3265625 0.034375 0.05625
0 0.87109375 0.47421875 0.03515625 0.10078125