0 0.7703125 0.40546875 0.01640625 0.03671875
0 0.18203125 0.3484375 0.00859375 0.01484375
0 0.265625 0.2984375 0.0078125 0.01328125
0 0.5171875 0.33125 0.0078125 0.01640625
0 0.1625 0.4671875 0.0171875 0.0421875
0 0.16796875 0.3515625 0.009375 0.0203125
0 0.0875 0.5109375 0.02421875 0.05703125
0 0.7953125 0.421875 0.01640625 0.03359375
0 0.81796875 0.446875 0.01875 0.0421875
0 0.746875 0.39375 0.0078125 0.0234375
0 0.7375 0.38203125 0.01171875 0.0265625
0 0.715625 0.378125 0.01171875 0.0265625
0 0.690625 0.36875 0.0078125 0.0203125
0 0.6796875 0.3671875 0.009375 0.01875
0 0.6625 0.35703125 0.0109375 0.0203125
0 0.64375 0.35546875 0.009375 0.01875
0 0.621875 0.3515625 0.0078125 0.01875
0 0.6015625 0.34296875 0.0078125 0.01484375
0 0.63203125 0.346875 0.00703125 0.01640625
0 0.95390625 0.64140625 0.0078125 0.01328125
0 0.903125 0.55234375 0.03203125 0.05546875
0 0.85 0.484375 0.01484375 0.03984375
0 0.45234375 0.33984375 0.00859375 0.01875
0 0.43828125 0.346875 0.00859375 0.0171875
0 0.41640625 0.35 0.00859375 0.01640625
0 0.39765625 0.35546875 0.0078125 0.01640625
0 0.37421875 0.35703125 0.009375 0.01640625
0 0.3453125 0.36484375 0.0109375 0.0203125
0 0.33828125 0.36171875 0.0109375 0.021875
0 0.3078125 0.38046875 0.0125 0.0265625
0 0.2921875 0.3765625 0.0109375 0.0234375
0 0.27109375 0.38515625 0.0125 0.02890625
0 0.25078125 0.3953125 0.015625 0.03046875
0 0.22265625 0.415625 0.0171875 0.03671875
0 0.2078125 0.42890625 0.01484375 0.03828125
0 0.18359375 0.43359375 0.01953125 0.04375
0 0.24765625 0.33984375 0.00859375 0.01484375