0 0.1234375 0.3078125 0.0078125 0.0171875
0 0.11484375 0.284375 0.00703125 0.015625
0 0.1015625 0.32890625 0.0078125 0.0171875
0 0.09453125 0.309375 0.0078125 0.0140625
0 0.0609375 0.33359375 0.009375 0.0171875
0 0.05 0.309375 0.009375 0.0171875
0 0.14375 0.28125 0.0078125 0.0140625
0 0.21328125 0.27734375 0.00703125 0.015625
0 0.20390625 0.29375 0.00625 0.01015625
0 0.2046875 0.2796875 0.00703125 0.00859375
0 0.1890625 0.29375 0.00625 0.0125
0 0.2375 0.2375 0.00703125 0.015625
0 0.2375 0.3125 0.00859375 0.01015625
0 0.19453125 0.340625 0.0109375 0.015625
0 0.23046875 0.34453125 0.009375 0.01953125
0 0.259375 0.34296875 0.009375 0.0171875
0 0.275 0.3125 0.00859375 0.0171875
0 0.2546875 0.3109375 0.00703125 0.015625
0 0.26953125 0.30234375 0.00625 0.0171875
0 0.278125 0.28125 0.0046875 0.015625
0 0.2875 0.27734375 0.00625 0.0171875
0 0.3 0.2703125 0.00625 0.0140625
0 0.32109375 0.2796875 0.0046875 0.0140625
0 0.19140625 0.4375 0.0140625 0.02109375
0 0.1609375 0.46015625 0.0125 0.03359375
0 0.26015625 0.4359375 0.0125 0.02421875
0 0.3140625 0.43203125 0.0125 0.02421875
0 0.225 0.57265625 0.015625 0.040625
0 0.2765625 0.5609375 0.0171875 0.0296875
0 0.25546875 0.50078125 0.0109375 0.0265625
0 0.3109375 0.47109375 0.01171875 0.028125
0 0.3296875 0.45859375 0.01171875 0.02265625
0 0.34453125 0.534375 0.0125 0.03515625
0 0.31875 0.3640625 0.00859375 0.02109375
0 0.30234375 0.31640625 0.00703125 0.0171875
0 0.3109375 0.34453125 0.00625 0.015625
0 0.3 0.3078125 0.0078125 0.0140625
0 0.35390625 0.31484375 0.0046875 0.0140625
0 0.4828125 0.31796875 0.00859375 0.015625
0 0.50859375 0.32890625 0.00625 0.0171875
0 0.48359375 0.34296875 0.0078125 0.01953125
0 0.4671875 0.34765625 0.0109375 0.0171875
0 0.4390625 0.325 0.00859375 0.0140625
0 0.4125 0.321875 0.00859375 0.01953125
0 0.4140625 0.29375 0.00390625 0.0140625
0 0.37734375 0.3234375 0.00859375 0.015625
0 0.42109375 0.28828125 0.00703125 0.0140625
0 0.453125 0.2953125 0.00625 0.01015625
0 0.471875 0.296875 0.0078125 0.0125
0 0.46796875 0.309375 0.0078125 0.0171875
0 0.46640625 0.2375 0.00703125 0.0125
0 0.4875 0.23359375 0.00703125 0.0140625
0 0.52265625 0.31640625 0.0078125 0.015625
0 0.5484375 0.3078125 0.00703125 0.0125
0 0.54765625 0.3390625 0.00859375 0.02109375
0 0.5359375 0.396875 0.0078125 0.02265625
0 0.48515625 0.3953125 0.00859375 0.01953125
0 0.4140625 0.425 0.0078125 0.0265625
0 0.42421875 0.40625 0.0109375 0.02265625
0 0.43203125 0.3953125 0.00859375 0.02421875
0 0.4171875 0.5609375 0.0171875 0.03828125
0 0.42890625 0.58515625 0.0125 0.03359375
0 0.5078125 0.453125 0.00625 0.02265625
0 0.5625 0.425 0.009375 0.0265625
0 0.91015625 0.4796875 0.009375 0.0171875
0 0.55390625 0.54296875 0.015625 0.03125
0 0.58359375 0.546875 0.01640625 0.028125
0 0.5578125 0.58671875 0.01171875 0.03125
0 0.6421875 0.51328125 0.015625 0.03828125
0 0.63046875 0.38984375 0.00859375 0.01953125
0 0.64765625 0.365625 0.00859375 0.02265625
0 0.6 0.33046875 0.00703125 0.015625
0 0.5890625 0.3265625 0.00625 0.015625
0 0.55546875 0.24921875 0.00625 0.015625
0 0.54609375 0.24921875 0.0046875 0.0125
0 0.63359375 0.2546875 0.00703125 0.015625
0 0.5609375 0.3390625 0.00625 0.0171875
0 0.61796875 0.2953125 0.0078125 0.0140625
0 0.7203125 0.2828125 0.00703125 0.01953125
0 0.74765625 0.26875 0.00703125 0.01015625
0 0.75859375 0.28671875 0.00625 0.015625
0 0.7453125 0.30546875 0.00703125 0.0171875
0 0.7609375 0.31484375 0.00859375 0.0171875
0 0.77265625 0.28828125 0.0046875 0.015625
0 0.81953125 0.23359375 0.0046875 0.0125
0 0.8015625 0.24765625 0.00390625 0.01015625
0 0.84140625 0.23515625 0.0046875 0.01015625
0 0.84453125 0.28671875 0.00625 0.015625
0 0.8921875 0.29140625 0.00859375 0.015625
0 0.8609375 0.4109375 0.01171875 0.02421875
0 0.903125 0.421875 0.0109375 0.02265625
0 0.8078125 0.465625 0.009375 0.01953125
0 0.75234375 0.453125 0.0109375 0.01953125
0 0.7140625 0.36875 0.00859375 0.01953125
0 0.68046875 0.25859375 0.00625 0.0171875
0 0.72421875 0.45703125 0.0125 0.03515625
0 0.75859375 0.4921875 0.01171875 0.03125
0 0.71171875 0.5375 0.015625 0.040625
0 0.7921875 0.58671875 0.01640625 0.03515625
0 0.83671875 0.521875 0.0125 0.03515625
0 0.88984375 0.4953125 0.01484375 0.03359375
0 0.8984375 0.4671875 0.0140625 0.028125
0 0.94375 0.42890625 0.0109375 0.02265625
0 0.98828125 0.44140625 0.01171875 0.0265625
0 0.99375 0.4796875 0.00859375 0.02265625
0 0.97890625 0.28828125 0.00859375 0.015625
0 0.99453125 0.28671875 0.00703125 0.0140625
0 0.8546875 0.4671875 0.0109375 0.02421875
0 0.79296875 0.63828125 0.0171875 0.0421875
0 0.6046875 0.66640625 0.0125 0.03828125
0 0.42265625 0.64140625 0.0125 0.03671875
0 0.7359375 0.38984375 0.00625 0.0140625
0 0.9875 0.73828125 0.0234375 0.08984375
0 0.821875 0.6328125 0.0125 0.04765625
0 0.0125 0.3375 0.009375 0.02109375
0 0.575 0.240625 0.00390625 0.00703125
0 0.6359375 0.37421875 0.0109375 0.02109375
0 0.534375 0.453125 0.009375 0.01953125
0 0.49140625 0.30234375 0.0046875 0.0125