0 0.8265625 0.75703125 0.01640625 0.0640625
0 0.934375 0.6484375 0.03515625 0.0578125
0 0.88359375 0.709375 0.053125 0.0609375
0 0.78515625 0.6234375 0.03515625 0.059375
0 0.77421875 0.54296875 0.03046875 0.0609375
0 0.8546875 0.525 0.0328125 0.0578125
0 0.678125 0.55703125 0.0328125 0.07265625
0 0.5984375 0.63359375 0.034375 0.06640625
0 0.584375 0.490625 0.03515625 0.059375
0 0.74609375 0.465625 0.02734375 0.05234375
0 0.64921875 0.43125 0.0296875 0.0578125
0 0.5015625 0.61640625 0.03203125 0.06484375
0 0.47265625 0.5296875 0.025 0.059375
0 0.4 0.57578125 0.03125 0.059375
0 0.42109375 0.5125 0.03515625 0.05078125
0 0.44140625 0.471875 0.02734375 0.05390625
0 0.38671875 0.42421875 0.0234375 0.04453125
0 0.53203125 0.47578125 0.02734375 0.05625
0 0.4921875 0.434375 0.025 0.04921875
0 0.4421875 0.42578125 0.025 0.04921875
0 0.3328125 0.5328125 0.03203125 0.04921875
0 0.25703125 0.5921875 0.0265625 0.04375
0 0.28203125 0.46875 0.02265625 0.04453125
0 0.32578125 0.45625 0.03203125 0.05234375
0 0.3109375 0.3953125 0.021875 0.0375
0 0.37578125 0.3921875 0.01875 0.0390625
0 0.23671875 0.3921875 0.02421875 0.0421875
0 0.18984375 0.47734375 0.03046875 0.04765625
0 0.1578125 0.48046875 0.0328125 0.0609375
0 0.0921875 0.54375 0.03046875 0.04453125
0 0.02265625 0.58203125 0.03203125 0.05078125
0 0.00703125 0.48125 0.0140625 0.0625
0 0.01328125 0.446875 0.01640625 0.0390625
0 0.0140625 0.3921875 0.0203125 0.0421875
0 0.03515625 0.3875 0.01953125 0.04765625
0 0.0375 0.315625 0.025 0.0390625
0 0.09609375 0.32734375 0.02265625 0.0359375
0 0.040625 0.43671875 0.0328125 0.0390625
0 0.0890625 0.49375 0.03203125 0.04921875
0 0.11171875 0.453125 0.03046875 0.04921875
0 0.17890625 0.4328125 0.02265625 0.0359375
0 0.128125 0.390625 0.0234375 0.0375
0 0.1828125 0.3703125 0.021875 0.0390625
0 0.075 0.33125 0.0171875 0.03203125
0 0.15703125 0.31875 0.021875 0.02734375
0 0.20234375 0.353125 0.021875 0.040625
0 0.24453125 0.30859375 0.03046875 0.04453125
0 0.22421875 0.278125 0.01875 0.03046875
0 0.27734375 0.3359375 0.025 0.04609375
0 0.3296875 0.31875 0.01875 0.040625
0 0.08203125 0.29375 0.021875 0.0375
0 0.1078125 0.28046875 0.01640625 0.03203125
0 0.0421875 0.2515625 0.01953125 0.03359375
0 0.00703125 0.2796875 0.0125 0.0234375
0 0.0265625 0.20078125 0.01171875 0.02421875
0 0.01640625 0.178125 0.01171875 0.021875
0 0.0359375 0.16640625 0.0125 0.0234375
0 0.0421875 0.18359375 0.015625 0.02578125
0 0.07890625 0.2328125 0.0125 0.02421875
0 0.0859375 0.18671875 0.01171875 0.01875
0 0.13203125 0.20234375 0.0140625 0.02734375
0 0.13828125 0.2375 0.0203125 0.03203125
0 0.1375 0.16953125 0.01171875 0.0234375
0 0.14765625 0.134375 0.01171875 0.02421875
0 0.16484375 0.16796875 0.009375 0.0203125
0 0.1765625 0.18203125 0.01953125 0.02578125
0 0.19453125 0.2328125 0.01953125 0.03046875
0 0.2296875 0.15078125 0.0140625 0.02578125
0 0.24609375 0.23046875 0.0171875 0.0359375
0 0.2296875 0.2203125 0.0125 0.02578125
0 0.246875 0.19140625 0.0125 0.0234375
0 0.24921875 0.16328125 0.01171875 0.021875
0 0.25 0.14296875 0.01171875 0.0234375
0 0.27265625 0.18125 0.0140625 0.0234375
0 0.26640625 0.22734375 0.015625 0.03203125
0 0.309375 0.2328125 0.01640625 0.03203125
0 0.30234375 0.15625 0.0109375 0.021875
0 0.30390625 0.12265625 0.01171875 0.0203125
0 0.3296875 0.15078125 0.00859375 0.0171875
0 0.3390625 0.14765625 0.01171875 0.0203125
0 0.35625 0.15625 0.0109375 0.0203125
0 0.3 0.20390625 0.0109375 0.0234375
0 0.321875 0.24296875 0.0140625 0.02421875
0 0.3640625 0.30859375 0.021875 0.04609375
0 0.37890625 0.2765625 0.01953125 0.0375
0 0.3859375 0.19140625 0.0140625 0.02734375
0 0.37265625 0.14609375 0.0109375 0.0234375
0 0.22578125 0.18671875 0.009375 0.01875
0 0.36328125 0.2140625 0.0171875 0.03359375
0 0.321875 0.20078125 0.0140625 0.02734375
0 0.3375 0.178125 0.0125 0.021875
0 0.321875 0.178125 0.0125 0.0234375
0 0.3921875 0.153125 0.0140625 0.0203125
0 0.3859375 0.121875 0.01171875 0.01875
0 0.4015625 0.2359375 0.0171875 0.03046875
0 0.39921875 0.31875 0.01640625 0.03359375
0 0.203125 0.12890625 0.01171875 0.021875
0 0.278125 0.21015625 0.0125 0.0234375
0 0.35625 0.19375 0.0125 0.0203125
0 0.33671875 0.115625 0.0109375 0.021875
0 0.346875 0.1140625 0.0125 0.021875
0 0.42265625 0.153125 0.0125 0.02421875
0 0.4015625 0.1328125 0.00625 0.02421875
0 0.4125 0.11015625 0.0109375 0.0203125
0 0.4421875 0.20390625 0.01484375 0.02734375
0 0.471875 0.20390625 0.0125 0.02421875
0 0.4390625 0.14296875 0.00859375 0.021875
0 0.44765625 0.12734375 0.0109375 0.0171875
0 0.46953125 0.12421875 0.0109375 0.01875
0 0.41953125 0.22734375 0.01484375 0.02578125
0 0.453125 0.25625 0.015625 0.03203125
0 0.48359375 0.24765625 0.01953125 0.034375
0 0.503125 0.18125 0.01171875 0.02578125
0 0.46328125 0.34453125 0.0203125 0.0359375
0 0.496875 0.309375 0.01875 0.040625
0 0.528125 0.36328125 0.021875 0.0421875
0 0.58515625 0.390625 0.028125 0.05234375
0 0.5296875 0.29921875 0.021875 0.04375
0 0.56328125 0.290625 0.01953125 0.040625
0 0.55 0.2796875 0.01484375 0.03046875
0 0.58359375 0.315625 0.0203125 0.034375
0 0.5171875 0.1984375 0.0125 0.02734375
0 0.52421875 0.22265625 0.0171875 0.02890625
0 0.55625 0.22109375 0.01875 0.03359375
0 0.4953125 0.1390625 0.01171875 0.02421875
0 0.5109375 0.1203125 0.01171875 0.02421875
0 0.584375 0.153125 0.0109375 0.0234375
0 0.5671875 0.121875 0.0125 0.0234375
0 0.60625 0.153125 0.0125 0.02734375
0 0.6046875 0.11171875 0.009375 0.01875
0 0.61484375 0.18515625 0.01484375 0.02421875
0 0.53671875 0.175 0.0125 0.021875
0 0.52890625 0.0953125 0.00859375 0.01875
0 0.640625 0.2203125 0.0171875 0.03046875
0 0.63671875 0.26328125 0.0171875 0.03203125
0 0.63828125 0.1984375 0.01640625 0.02890625
0 0.6296875 0.159375 0.0140625 0.021875
0 0.63125 0.13046875 0.0125 0.0234375
0 0.6515625 0.10546875 0.009375 0.021875
0 0.6546875 0.2 0.00859375 0.021875
0 0.61796875 0.30859375 0.015625 0.040625
0 0.63203125 0.30546875 0.02265625 0.04765625
0 0.62265625 0.36640625 0.02421875 0.05234375
0 0.65625 0.2921875 0.021875 0.0375
0 0.6625 0.32578125 0.01875 0.0390625
0 0.73359375 0.29375 0.02265625 0.0375
0 0.7125 0.24453125 0.021875 0.0359375
0 0.76953125 0.30546875 0.0140625 0.03046875
0 0.7921875 0.30859375 0.01953125 0.0359375
0 0.78671875 0.3546875 0.0203125 0.034375
0 0.8203125 0.371875 0.0234375 0.04375
0 0.66875 0.196875 0.01484375 0.02421875
0 0.66875 0.14765625 0.0109375 0.02421875
0 0.6875 0.12265625 0.01171875 0.0203125
0 0.725 0.22578125 0.01875 0.0375
0 0.71953125 0.171875 0.0125 0.02421875
0 0.75078125 0.20859375 0.01640625 0.02421875
0 0.753125 0.2359375 0.0125 0.0375
0 0.784375 0.2125 0.01484375 0.02890625
0 0.8265625 0.2140625 0.0171875 0.03359375
0 0.8171875 0.275 0.01640625 0.034375
0 0.8328125 0.18984375 0.01640625 0.02890625
0 0.81484375 0.175 0.01484375 0.02421875
0 0.73359375 0.10859375 0.01171875 0.01875
0 0.85078125 0.3953125 0.02421875 0.05078125
0 0.875 0.42421875 0.0296875 0.0578125
0 0.865625 0.36484375 0.02734375 0.04453125
0 0.85859375 0.2796875 0.01640625 0.03046875
0 0.8828125 0.275 0.025 0.05234375
0 0.91328125 0.44140625 0.0234375 0.04375
0 0.7765625 0.16484375 0.009375 0.01875
0 0.85390625 0.234375 0.01484375 0.02578125
0 0.8734375 0.22578125 0.0171875 0.03203125
0 0.89375 0.23046875 0.0203125 0.040625
0 0.9625 0.296875 0.02421875 0.04375
0 0.934375 0.24921875 0.01640625 0.02734375
0 0.9515625 0.25 0.015625 0.03046875
0 0.9109375 0.16796875 0.01484375 0.02421875
0 0.8859375 0.153125 0.0125 0.0234375
0 0.94296875 0.171875 0.0125 0.021875
0 0.971875 0.16484375 0.01171875 0.0234375
0 0.99140625 0.21015625 0.01484375 0.03359375
0 0.98984375 0.36015625 0.01875 0.05234375
0 0.7765625 0.13046875 0.0125 0.0234375
0 0.76640625 0.159375 0.009375 0.021875
0 0.8515625 0.13046875 0.009375 0.0203125
0 0.7015625 0.51640625 0.01484375 0.0421875
0 0.696875 0.196875 0.015625 0.02578125
0 0.82109375 0.10859375 0.0125 0.02734375
0 0.83671875 0.10390625 0.0109375 0.0203125
0 0.953125 0.1375 0.01171875 0.02578125
0 0.98359375 0.12734375 0.01171875 0.021875
0 0.896875 0.12421875 0.01171875 0.0234375
0 0.91640625 0.140625 0.00859375 0.01875
0 0.4734375 0.1734375 0.015625 0.03046875
0 0.4515625 0.18359375 0.01484375 0.02578125