0 0.42890625 0.21640625 0.01171875 0.01640625
0 0.565625 0.22734375 0.01484375 0.01875
0 0.60078125 0.21953125 0.00859375 0.015625
0 0.4828125 0.22578125 0.00625 0.009375
0 0.71328125 0.22890625 0.1140625 0.128125
0 0.6 0.31796875 0.0171875 0.021875
0 0.58125 0.31875 0.01875 0.02265625
0 0.19921875 0.50546875 0.10546875 0.1
0 0.31796875 0.29765625 0.03046875 0.0234375
0 0.2796875 0.29609375 0.0109375 0.0265625
0 0.65 0.26953125 0.01484375 0.015625
0 0.63828125 0.2265625 0.00703125 0.009375
0 0.159375 0.2046875 0.0078125 0.00625
0 0.35234375 0.23046875 0.009375 0.01171875
0 0.44453125 0.23125 0.009375 0.009375
0 0.5 0.23046875 0.0078125 0.009375
0 0.490625 0.2234375 0.009375 0.0078125