0 0.25703125 0.46484375 0.0296875 0.040625
0 0.2921875 0.384375 0.0171875 0.0234375
0 0.12578125 0.41015625 0.01953125 0.01953125
0 0.4078125 0.44375 0.025 0.02109375
0 0.371875 0.32421875 0.0125 0.0234375
0 0.46640625 0.35390625 0.01640625 0.01328125
0 0.43125 0.31015625 0.0078125 0.01328125
0 0.46953125 0.290625 0.00859375 0.0140625
0 0.5015625 0.2984375 0.0078125 0.0140625
0 0.60390625 0.40390625 0.01875 0.01328125
0 0.66796875 0.41796875 0.01953125 0.0140625
0 0.71171875 0.35546875 0.01953125 0.01328125
0 0.73984375 0.3265625 0.00859375 0.01328125
0 0.66796875 0.30859375 0.0078125 0.0140625
0 0.675 0.303125 0.00859375 0.0140625
0 0.703125 0.3140625 0.00625 0.015625
0 0.634375 0.296875 0.0109375 0.015625
0 0.6 0.30625 0.00859375 0.015625
0 0.82578125 0.31796875 0.0109375 0.01796875
0 0.8984375 0.359375 0.01171875 0.01796875
0 0.91640625 0.3421875 0.03203125 0.0296875
0 0.565625 0.29296875 0.00859375 0.0140625
0 0.53671875 0.30078125 0.00859375 0.015625
0 0.18984375 0.25234375 0.00703125 0.01015625
0 0.1375 0.2640625 0.00625 0.01328125