0 0.92265625 0.353125 0.084375 0.065625
0 0.58046875 0.1578125 0.096875 0.0859375
0 0.8328125 0.24140625 0.0140625 0.01015625
0 0.346875 0.228125 0.00703125 0.0046875
0 0.4265625 0.23125 0.0078125 0.00625
0 0.39375 0.24609375 0.0265625 0.021875
0 0.55703125 0.37578125 0.10625 0.090625
0 0.15 0.4421875 0.078125 0.0609375
0 0.06328125 0.209375 0.009375 0.009375
0 0.3 0.22734375 0.00390625 0.00390625
0 0.25 0.2265625 0.00625 0.00625
0 0.23125 0.22109375 0.00625 0.00625
0 0.18828125 0.21875 0.0046875 0.0046875
0 0.16875 0.2203125 0.00625 0.00546875
0 0.090625 0.1171875 0.01484375 0.0140625
0 0.1 0.1171875 0.0171875 0.01640625