0 0.11875 0.7265625 0.0234375 0.0203125
0 0.35625 0.78671875 0.02734375 0.02421875
0 0.26015625 0.78515625 0.02421875 0.02578125
0 0.17265625 0.790625 0.02734375 0.02578125
0 0.86953125 0.2546875 0.0421875 0.0375
0 0.8015625 0.2359375 0.03828125 0.03515625
0 0.75703125 0.2828125 0.0390625 0.03515625
0 0.69375 0.22734375 0.04296875 0.0328125
0 0.7484375 0.190625 0.0359375 0.0296875
0 0.6859375 0.19921875 0.03984375 0.03203125
0 0.64296875 0.19765625 0.034375 0.0328125
0 0.61171875 0.178125 0.034375 0.02890625
0 0.675 0.15078125 0.0234375 0.0203125
0 0.71171875 0.15546875 0.028125 0.03046875
0 0.6640625 0.121875 0.0328125 0.028125
0 0.56875 0.22421875 0.03515625 0.0328125
0 0.59140625 0.27578125 0.0359375 0.03359375
0 0.48359375 0.221875 0.0375 0.03671875
0 0.5140625 0.1703125 0.03515625 0.03125
0 0.5390625 0.175 0.02734375 0.0296875
0 0.4421875 0.134375 0.0328125 0.03046875
0 0.4328125 0.21875 0.0390625 0.03125
0 0.4078125 0.18828125 0.028125 0.02890625
0 0.36875 0.184375 0.03046875 0.0234375
0 0.36875 0.225 0.0359375 0.03125
0 0.38203125 0.28125 0.040625 0.0359375
0 0.28828125 0.2390625 0.03515625 0.03203125
0 0.31875 0.20859375 0.03203125 0.0296875
0 0.2921875 0.17578125 0.03046875 0.0265625
0 0.31328125 0.125 0.03125 0.0296875
0 0.22890625 0.2515625 0.03984375 0.034375
0 0.20390625 0.18828125 0.034375 0.03203125
0 0.15703125 0.2234375 0.0328125 0.03203125
0 0.12109375 0.225 0.040625 0.03671875
0 0.25078125 0.38984375 0.0375 0.03828125
0 0.18203125 0.38984375 0.0359375 0.02890625
0 0.12421875 0.38828125 0.0359375 0.0328125
0 0.57890625 0.38828125 0.0390625 0.03828125
0 0.846875 0.65234375 0.0265625 0.02578125
0 0.81953125 0.64921875 0.02421875 0.02265625
0 0.803125 0.6921875 0.0234375 0.02421875
0 0.73671875 0.68515625 0.02265625 0.02265625
0 0.7609375 0.67578125 0.01484375 0.01796875
0 0.7296875 0.64921875 0.02421875 0.02421875
0 0.67421875 0.6671875 0.028125 0.02265625
0 0.64765625 0.65390625 0.02265625 0.0234375
0 0.60625 0.65 0.02421875 0.0234375
0 0.56875 0.6734375 0.028125 0.02109375
0 0.55390625 0.63515625 0.02421875 0.021875
0 0.81171875 0.79765625 0.0265625 0.025
0 0.73515625 0.80078125 0.0265625 0.0234375
0 0.6421875 0.79375 0.02734375 0.028125
0 0.503125 0.72421875 0.01875 0.01875
0 0.51015625 0.77734375 0.03203125 0.02421875
0 0.45234375 0.78828125 0.02734375 0.02734375
0 0.496875 0.646875 0.02421875 0.02421875
0 0.4578125 0.63828125 0.021875 0.025
0 0.43125 0.64765625 0.02421875 0.02421875
0 0.39765625 0.67109375 0.02265625 0.02265625
0 0.36015625 0.653125 0.0265625 0.02578125
0 0.31171875 0.63359375 0.025 0.02265625
0 0.315625 0.6671875 0.028125 0.02265625
0 0.2703125 0.67109375 0.0265625 0.0234375
0 0.2375 0.6640625 0.0203125 0.021875
0 0.2140625 0.66328125 0.02734375 0.0234375
0 0.14140625 0.66953125 0.021875 0.021875
0 0.1 0.66171875 0.02734375 0.02109375