0 0.75859375 0.3765625 0.03203125 0.04921875
0 0.7125 0.39296875 0.03046875 0.0453125
0 0.6390625 0.4046875 0.02734375 0.04921875
0 0.62109375 0.3265625 0.03125 0.0453125
0 0.54375 0.3375 0.02421875 0.0375
0 0.471875 0.31875 0.03046875 0.04140625
0 0.4109375 0.35546875 0.02265625 0.03515625
0 0.35078125 0.35390625 0.02734375 0.04296875
0 0.3171875 0.34375 0.0296875 0.0453125
0 0.25703125 0.3890625 0.03046875 0.04140625
0 0.2484375 0.4359375 0.021875 0.02890625
0 0.18828125 0.40078125 0.028125 0.04453125
0 0.60625 0.70078125 0.021875 0.03125