0 0.1953125 0.3328125 0.0140625 0.05390625
0 0.2703125 0.2859375 0.01640625 0.05390625
0 0.3015625 0.23671875 0.01484375 0.0421875
0 0.34609375 0.26015625 0.0125 0.03984375
0 0.38828125 0.27890625 0.01484375 0.0328125
0 0.42734375 0.29765625 0.0125 0.03515625
0 0.46171875 0.26484375 0.01484375 0.0375
0 0.5046875 0.26953125 0.01484375 0.0375
0 0.54765625 0.24609375 0.0140625 0.03046875
0 0.6140625 0.2765625 0.015625 0.0375
0 0.65546875 0.3 0.0140625 0.03984375
0 0.721875 0.27421875 0.01484375 0.03984375
0 0.703125 0.225 0.0140625 0.0375
0 0.7625 0.3234375 0.0109375 0.04921875
0 0.79375 0.21328125 0.01484375 0.03515625
0 0.82578125 0.21796875 0.0125 0.05625
0 0.875 0.253125 0.01953125 0.046875
0 0.9328125 0.1828125 0.01640625 0.046875