0 0.07421875 0.24765625 0.0546875 0.07890625
0 0.28984375 0.07734375 0.03984375 0.0640625
0 0.26328125 0.29296875 0.03984375 0.06328125
0 0.3328125 0.278125 0.04375 0.0734375
0 0.5015625 0.29609375 0.0484375 0.08046875
0 0.6640625 0.23125 0.0484375 0.08515625
0 0.35625 0.45703125 0.0484375 0.0734375
0 0.48203125 0.5359375 0.0578125 0.1203125
0 0.3328125 0.5390625 0.0640625 0.10859375
0 0.1984375 0.68359375 0.05390625 0.0890625
0 0.19375 0.49765625 0.05 0.08203125
0 0.16875 0.375 0.0453125 0.06171875
0 0.03515625 0.59609375 0.0609375 0.0890625
0 0.63671875 0.64453125 0.06875 0.13203125
0 0.7765625 0.77890625 0.0734375 0.1109375
0 0.85859375 0.7453125 0.03984375 0.05703125
0 0.73125 0.540625 0.05625 0.08671875
0 0.5484375 0.28515625 0.03984375 0.0703125
0 0.621875 0.5125 0.046875 0.0671875
0 0.7625 0.45703125 0.0515625 0.07734375
0 0.80234375 0.1203125 0.0421875 0.065625
0 0.971875 0.33515625 0.021875 0.05234375
0 0.89140625 0.50078125 0.0484375 0.08046875