0 0.8609375 0.53671875 0.02265625 0.03515625
0 0.42265625 0.5984375 0.0203125 0.03671875
0 0.1609375 0.36171875 0.0328125 0.05234375
0 0.228125 0.36796875 0.02734375 0.05390625
0 0.34921875 0.38828125 0.02421875 0.05234375
0 0.396875 0.40625 0.02421875 0.04765625
0 0.4390625 0.38984375 0.025 0.04453125
0 0.45390625 0.45078125 0.02421875 0.04453125
0 0.5125 0.40625 0.01953125 0.03828125
0 0.634375 0.3375 0.0359375 0.06171875
0 0.7015625 0.37890625 0.0328125 0.05546875
0 0.80859375 0.37265625 0.0234375 0.04453125
0 0.853125 0.3375 0.028125 0.05078125
0 0.7984375 0.46640625 0.02421875 0.04140625