0 0.0640625 0.4015625 0.0359375 0.05703125
0 0.14375 0.34140625 0.03515625 0.05703125
0 0.04765625 0.3375 0.034375 0.0453125
0 0.20234375 0.3625 0.034375 0.05703125
0 0.26328125 0.3453125 0.034375 0.05625
0 0.32421875 0.38515625 0.02734375 0.04921875
0 0.3375 0.34765625 0.028125 0.0453125
0 0.3875 0.465625 0.02734375 0.05078125
0 0.39921875 0.346875 0.0296875 0.05078125
0 0.4609375 0.36015625 0.02734375 0.04921875
0 0.503125 0.328125 0.03125 0.05234375
0 0.5734375 0.34296875 0.0296875 0.0453125
0 0.65390625 0.31484375 0.028125 0.04921875
0 0.70546875 0.30390625 0.03046875 0.05078125
0 0.5515625 0.44140625 0.02734375 0.0359375
0 0.5734375 0.48671875 0.0265625 0.04296875
0 0.57890625 0.6796875 0.03203125 0.04765625
0 0.7421875 0.7625 0.03125 0.04296875
0 0.0171875 0.75234375 0.03203125 0.06015625
0 0.15625 0.76640625 0.040625 0.05703125
0 0.29140625 0.74140625 0.03984375 0.06171875
0 0.346875 0.765625 0.03203125 0.0453125
0 0.63984375 0.7890625 0.03203125 0.0359375
0 0.465625 0.7078125 0.0328125 0.0453125
0 0.753125 0.3640625 0.028125 0.0453125
0 0.7765625 0.31171875 0.03125 0.0453125
0 0.809375 0.33046875 0.03203125 0.05078125
0 0.89140625 0.33828125 0.034375 0.0546875
0 0.965625 0.35625 0.03515625 0.046875