0 0.12265625 0.19296875 0.03828125 0.05859375
0 0.2046875 0.2796875 0.03984375 0.06328125
0 0.25078125 0.21796875 0.03203125 0.05859375
0 0.31640625 0.29296875 0.0375 0.06015625
0 0.34375 0.2265625 0.0328125 0.06015625
0 0.37109375 0.3265625 0.02734375 0.03984375
0 0.42265625 0.2375 0.0328125 0.06171875
0 0.45390625 0.2796875 0.034375 0.06328125
0 0.5421875 0.2828125 0.03046875 0.05859375
0 0.5203125 0.2296875 0.03046875 0.06015625
0 0.45078125 0.3953125 0.0359375 0.05703125
0 0.6296875 0.284375 0.034375 0.06171875
0 0.62421875 0.22265625 0.03046875 0.05859375
0 0.71640625 0.23828125 0.03203125 0.06328125
0 0.7203125 0.371875 0.0265625 0.03984375
0 0.7625 0.30859375 0.03515625 0.06328125
0 0.83515625 0.25625 0.034375 0.06015625
0 0.86484375 0.33828125 0.03828125 0.0703125
0 0.64609375 0.48046875 0.03203125 0.0515625
0 0.5625 0.484375 0.0328125 0.05703125
0 0.63046875 0.59453125 0.028125 0.05
0 0.25390625 0.35703125 0.0375 0.065625
0 0.17890625 0.44921875 0.02421875 0.03671875