0 0.85390625 0.28515625 0.03046875 0.04765625
0 0.81015625 0.26875 0.028125 0.04921875
0 0.62578125 0.3640625 0.02421875 0.04296875
0 0.6015625 0.57734375 0.0234375 0.0359375
0 0.52578125 0.45703125 0.02421875 0.04921875
0 0.5875 0.36875 0.02421875 0.04609375
0 0.4625 0.3328125 0.02734375 0.05234375
0 0.39140625 0.5015625 0.02734375 0.05703125
0 0.26796875 0.40859375 0.02265625 0.04140625
0 0.2375 0.31953125 0.028125 0.04453125
0 0.16796875 0.2015625 0.0234375 0.04296875
0 0.15546875 0.27734375 0.0234375 0.0390625