0 0.39140625 0.43203125 0.0296875 0.04140625
0 0.46875 0.421875 0.0296875 0.04453125
0 0.38828125 0.3203125 0.03046875 0.05625
0 0.4015625 0.2671875 0.03046875 0.046875
0 0.4890625 0.2984375 0.03203125 0.05078125
0 0.53671875 0.2578125 0.03046875 0.04296875
0 0.584375 0.3203125 0.02734375 0.04453125
0 0.653125 0.30859375 0.0296875 0.04296875
0 0.696875 0.28125 0.03046875 0.04453125
0 0.565625 0.38671875 0.03125 0.04453125
0 0.6765625 0.36328125 0.03125 0.04453125
0 0.5515625 0.49453125 0.028125 0.04140625
0 0.65078125 0.49765625 0.028125 0.04140625
0 0.740625 0.35 0.0296875 0.04921875
0 0.7875 0.27890625 0.03125 0.0546875
0 0.77421875 0.384375 0.034375 0.04453125
0 0.8375 0.3578125 0.03046875 0.046875
0 0.18515625 0.26328125 0.03046875 0.05078125
0 0.1296875 0.36875 0.03203125 0.03671875
0 0.22734375 0.334375 0.0375 0.05078125
0 0.2890625 0.3140625 0.0328125 0.053125
0 0.14921875 0.5390625 0.03515625 0.05703125
0 0.246875 0.4609375 0.0296875 0.04140625
0 0.36015625 0.33203125 0.0359375 0.05859375