0 0.05078125 0.1734375 0.04296875 0.06875
0 0.1609375 0.26953125 0.0390625 0.05078125
0 0.253125 0.23359375 0.03984375 0.06015625
0 0.3734375 0.22421875 0.0375 0.0609375
0 0.45390625 0.2828125 0.03046875 0.04921875
0 0.525 0.309375 0.0328125 0.05546875
0 0.61875 0.29609375 0.03046875 0.04921875
0 0.6984375 0.27421875 0.034375 0.05234375
0 0.7671875 0.25234375 0.0375 0.06015625
0 0.85625 0.18984375 0.04296875 0.05859375
0 0.6609375 0.33359375 0.021875 0.03671875
0 0.8265625 0.27734375 0.0234375 0.03671875