0 0.61640625 0.78046875 0.015625 0.021875
0 0.12578125 0.7828125 0.01171875 0.021875
0 0.0234375 0.6765625 0.00625 0.0125
0 0.2609375 0.83671875 0.01171875 0.0171875
0 0.41640625 0.83203125 0.00703125 0.01484375
0 0.459375 0.95625 0.00703125 0.02421875
0 0.56875 0.75 0.0078125 0.0109375
0 0.45625 0.74375 0.0046875 0.01328125
0 0.4015625 0.7484375 0.00390625 0.015625
0 0.640625 0.7875 0.00625 0.02109375
0 0.725 0.73203125 0.00625 0.0171875
0 0.9671875 0.7671875 0.00703125 0.0171875
0 0.69140625 0.67578125 0.00625 0.0109375