0 0.6484375 0.7390625 0.0078125 0.0234375
0 0.75390625 0.83515625 0.015625 0.03203125
0 0.6859375 0.86171875 0.00859375 0.01953125
0 0.0171875 0.8171875 0.0171875 0.03359375
0 0.1109375 0.70703125 0.009375 0.01953125
0 0.06796875 0.7140625 0.0109375 0.021875
0 0.05078125 0.6125 0.01171875 0.0234375
0 0.1046875 0.6109375 0.0078125 0.01640625
0 0.41328125 0.6625 0.0078125 0.01484375
0 0.2984375 0.88984375 0.0109375 0.0234375
0 0.39140625 0.65390625 0.00703125 0.01171875
0 0.38671875 0.6375 0.0078125 0.01328125
0 0.39375 0.715625 0.00703125 0.01328125
0 0.40546875 0.690625 0.00625 0.01328125
0 0.24140625 0.6390625 0.00625 0.01328125
0 0.15625 0.8453125 0.015625 0.028125
0 0.0265625 0.6703125 0.00859375 0.01796875
0 0.325 0.6390625 0.00625 0.01640625
0 0.33359375 0.634375 0.00859375 0.01953125
0 0.3640625 0.715625 0.00859375 0.01953125
0 0.371875 0.70703125 0.00859375 0.01484375
0 0.47109375 0.69375 0.00703125 0.0203125
0 0.0375 0.85 0.00859375 0.03359375
0 0.06328125 0.8453125 0.01640625 0.03359375
0 0.1515625 0.63359375 0.01171875 0.01953125
0 0.2015625 0.740625 0.0125 0.0234375
0 0.190625 0.7640625 0.00859375 0.0203125
0 0.2 0.80703125 0.01171875 0.021875
0 0.2765625 0.93203125 0.0125 0.0296875
0 0.72109375 0.875 0.01484375 0.0296875
0 0.78046875 0.8 0.01484375 0.0234375
0 0.73359375 0.91015625 0.0109375 0.0296875
0 0.14296875 0.7375 0.0125 0.0234375
0 0.1359375 0.8203125 0.0125 0.021875
0 0.2546875 0.765625 0.00859375 0.01953125
0 0.28671875 0.75078125 0.00859375 0.01953125
0 0.340625 0.740625 0.00859375 0.01953125
0 0.29140625 0.70078125 0.00703125 0.01796875
0 0.27421875 0.7140625 0.00703125 0.01484375
0 0.33984375 0.70078125 0.0078125 0.01484375
0 0.30546875 0.6671875 0.01171875 0.0203125
0 0.3515625 0.6734375 0.01171875 0.01796875
0 0.38671875 0.7203125 0.0078125 0.01640625
0 0.2203125 0.7640625 0.00859375 0.021875
0 0.29296875 0.7421875 0.009375 0.021875
0 0.8453125 0.7640625 0.01171875 0.0234375
0 0.6921875 0.7125 0.00703125 0.01484375
0 0.74921875 0.665625 0.00703125 0.01640625
0 0.82578125 0.66875 0.00703125 0.01484375
0 0.8796875 0.68515625 0.009375 0.01953125
0 0.7875 0.9703125 0.015625 0.03125
0 0.8859375 0.98359375 0.015625 0.03125
0 0.90546875 0.8 0.0125 0.01796875
0 0.95546875 0.75 0.00859375 0.01953125
0 0.93359375 0.78359375 0.009375 0.0265625
0 0.85546875 0.6890625 0.0078125 0.01640625
0 0.8484375 0.7390625 0.00859375 0.0203125
0 0.878125 0.72578125 0.00859375 0.0203125
0 0.9421875 0.8015625 0.009375 0.0296875
0 0.94375 0.96484375 0.01484375 0.03515625
0 0.9828125 0.67578125 0.0078125 0.01640625
0 0.96875 0.70859375 0.009375 0.0203125
0 0.88984375 0.72890625 0.00859375 0.01796875
0 0.05703125 0.671875 0.00859375 0.0234375
0 0.21796875 0.67890625 0.00859375 0.021875
0 0.20546875 0.65078125 0.00859375 0.01796875
0 0.24375 0.6921875 0.00859375 0.01796875
0 0.17734375 0.73359375 0.00859375 0.01640625
0 0.61875 0.6625 0.009375 0.01953125
0 0.6515625 0.68359375 0.0109375 0.01953125
0 0.67265625 0.6859375 0.00859375 0.01796875
0 0.678125 0.75703125 0.0109375 0.021875
0 0.70390625 0.76171875 0.0109375 0.01953125
0 0.753125 0.83359375 0.0140625 0.0296875
0 0.70625 0.86875 0.0125 0.028125
0 0.01171875 0.715625 0.0078125 0.0234375
0 0.01484375 0.71171875 0.009375 0.021875
0 0.065625 0.75546875 0.0078125 0.0203125
0 0.059375 0.75703125 0.00859375 0.021875
0 0.0328125 0.6984375 0.0125 0.01015625
0 0.0859375 0.71015625 0.009375 0.01640625
0 0.1671875 0.83203125 0.00859375 0.025
0 0.334375 0.78046875 0.0140625 0.0203125
0 0.24140625 0.83671875 0.00859375 0.0296875
0 0.24765625 0.871875 0.0125 0.025
0 0.26171875 0.83515625 0.009375 0.0234375
0 0.259375 0.671875 0.00703125 0.01328125
0 0.49765625 0.65859375 0.00703125 0.01640625
0 0.03671875 0.9921875 0.0234375 0.015625
0 0.02578125 0.9453125 0.0125 0.0296875
0 0.07734375 0.88671875 0.015625 0.03515625
0 0.1375 0.87890625 0.0140625 0.0265625
0 0.128125 0.921875 0.00859375 0.025
0 0.0328125 0.740625 0.0125 0.0234375
0 0.04375 0.7171875 0.01171875 0.01953125
0 0.05 0.69921875 0.009375 0.01796875
0 0.2109375 0.89140625 0.0140625 0.028125
0 0.37890625 0.746875 0.009375 0.01484375
0 0.253125 0.721875 0.00859375 0.0203125
0 0.0078125 0.6140625 0.0078125 0.01640625
0 0.0359375 0.6703125 0.00625 0.01640625
0 0.08515625 0.61875 0.00859375 0.01796875
0 0.19453125 0.6453125 0.0140625 0.0203125
0 0.21796875 0.67890625 0.00859375 0.021875
0 0.20546875 0.65078125 0.00859375 0.01953125
0 0.2453125 0.6921875 0.00703125 0.01796875
0 0.16953125 0.9421875 0.02265625 0.03515625
0 0.2109375 0.9421875 0.025 0.04140625
0 0.1125 0.615625 0.00859375 0.01484375
0 0.909375 0.88046875 0.0125 0.03125
0 0.1078125 0.80390625 0.01171875 0.025
0 0.940625 0.65703125 0.00703125 0.01640625
0 0.6875 0.821875 0.009375 0.021875
0 0.2359375 0.7984375 0.0140625 0.01953125
0 0.14140625 0.70859375 0.0109375 0.01796875
0 0.15703125 0.6734375 0.0078125 0.01796875