0 0.03359375 0.559375 0.00859375 0.0171875
0 0.26484375 0.6390625 0.009375 0.02421875
0 0.30078125 0.55703125 0.0078125 0.015625
0 0.25859375 0.47734375 0.00703125 0.0125
0 0.31796875 0.46875 0.00703125 0.0140625
0 0.3484375 0.671875 0.0140625 0.02578125
0 0.221875 0.89765625 0.0359375 0.08671875
0 0.3171875 0.88515625 0.02421875 0.06796875
0 0.334375 0.78125 0.01953125 0.03828125
0 0.35234375 0.7984375 0.015625 0.04140625
0 0.3875 0.47734375 0.00625 0.01015625
0 0.40390625 0.471875 0.0046875 0.01015625
0 0.44375 0.4703125 0.00703125 0.0125
0 0.51875 0.61640625 0.0109375 0.02421875
0 0.86796875 0.8109375 0.01484375 0.03984375
0 0.8984375 0.70859375 0.01171875 0.03125
0 0.89453125 0.74296875 0.01171875 0.0296875
0 0.91953125 0.7484375 0.01875 0.03671875
0 0.86953125 0.66328125 0.00859375 0.02109375
0 0.95859375 0.88046875 0.01875 0.03984375
0 0.98984375 0.859375 0.01484375 0.03828125
0 0.6953125 0.34375 0.00625 0.01015625
0 0.6140625 0.36484375 0.0078125 0.0125
0 0.421875 0.3609375 0.00625 0.0140625
0 0.56875 0.371875 0.00625 0.00859375
0 0.2765625 0.75859375 0.01484375 0.04140625
0 0.196875 0.48984375 0.009375 0.02109375