0 0.13203125 0.7640625 0.01484375 0.0234375
0 0.315625 0.6484375 0.03046875 0.05234375
0 0.08046875 0.85078125 0.01875 0.03828125
0 0.41328125 0.41875 0.03125 0.05546875
0 0.54921875 0.2140625 0.028125 0.05390625
0 0.521875 0.44765625 0.03984375 0.07578125
0 0.68671875 0.421875 0.03203125 0.06171875
0 0.565625 0.621875 0.03828125 0.07890625
0 0.76171875 0.63984375 0.0328125 0.05859375
0 0.65703125 0.75 0.01484375 0.0234375
0 0.41640625 0.87578125 0.01484375 0.01875
0 0.90546875 0.71328125 0.0125 0.025
0 0.96328125 0.75703125 0.01640625 0.03515625
0 0.9875 0.77734375 0.0140625 0.0203125
0 0.94375 0.73359375 0.01484375 0.03046875
0 0.9796875 0.75234375 0.01484375 0.03046875
0 0.0078125 0.7453125 0.015625 0.03828125
0 0.059375 0.73046875 0.0125 0.025
0 0.025 0.69375 0.01171875 0.0234375