0 0.16953125 0.365625 0.00703125 0.01328125
0 0.1921875 0.36015625 0.0078125 0.01484375
0 0.21171875 0.33359375 0.00625 0.01171875
0 0.2078125 0.3875 0.0109375 0.0234375
0 0.259375 0.39296875 0.0125 0.015625
0 0.23203125 0.35703125 0.00859375 0.0171875
0 0.2671875 0.41796875 0.009375 0.0203125
0 0.2953125 0.39296875 0.0140625 0.025
0 0.2859375 0.3484375 0.0078125 0.015625
0 0.3 0.33984375 0.00703125 0.015625
0 0.33125 0.33671875 0.00703125 0.01328125
0 0.35859375 0.39609375 0.01171875 0.021875
0 0.33125 0.38046875 0.0109375 0.021875
0 0.346875 0.3671875 0.0078125 0.01875
0 0.37578125 0.35234375 0.00703125 0.015625
0 0.3953125 0.37734375 0.009375 0.0171875
0 0.425 0.4296875 0.0125 0.02578125
0 0.40078125 0.4890625 0.01484375 0.03515625
0 0.33828125 0.4296875 0.0109375 0.0171875
0 0.4109375 0.3484375 0.0078125 0.015625
0 0.42734375 0.33515625 0.00703125 0.015625
0 0.45 0.35 0.00625 0.0171875
0 0.475 0.346875 0.0078125 0.01484375
0 0.4640625 0.3671875 0.00859375 0.01328125
0 0.45703125 0.3921875 0.01171875 0.015625
0 0.5578125 0.39609375 0.009375 0.0203125
0 0.584375 0.38203125 0.00859375 0.01875
0 0.61171875 0.3828125 0.0109375 0.01328125
0 0.65078125 0.49453125 0.0125 0.02578125
0 0.65078125 0.41484375 0.0109375 0.0203125
0 0.6921875 0.43515625 0.0109375 0.02578125
0 0.69609375 0.35546875 0.00703125 0.01484375
0 0.728125 0.3640625 0.00703125 0.01484375
0 0.6203125 0.325 0.0046875 0.00859375
0 0.80390625 0.38203125 0.05859375 0.15546875
0 0.76796875 0.4078125 0.0046875 0.01015625
0 0.75859375 0.44296875 0.00625 0.01015625
0 0.74765625 0.38203125 0.0046875 0.01015625
0 0.75703125 0.39453125 0.003125 0.00546875
0 0.0203125 0.546875 0.009375 0.05625
0 0.025 0.52421875 0.0171875 0.0375
0 0.06328125 0.53671875 0.01640625 0.040625
0 0.0796875 0.52265625 0.0171875 0.03515625
0 0.1015625 0.48359375 0.015625 0.0203125
0 0.05859375 0.44375 0.01171875 0.0234375
0 0.078125 0.40625 0.0078125 0.015625
0 0.10078125 0.41953125 0.0109375 0.01875
0 0.12578125 0.4046875 0.00859375 0.0203125
0 0.1421875 0.384375 0.00859375 0.0171875
0 0.12578125 0.384375 0.00703125 0.01171875
0 0.171875 0.39453125 0.009375 0.0203125
0 0.1796875 0.4234375 0.009375 0.0171875
0 0.18828125 0.42109375 0.0109375 0.01875
0 0.16875 0.490625 0.01484375 0.0234375
0 0.17578125 0.55859375 0.01953125 0.0390625
0 0.22578125 0.5078125 0.015625 0.0375
0 0.2375 0.50546875 0.0140625 0.0375
0 0.2546875 0.5359375 0.01484375 0.0375
0 0.1609375 0.3671875 0.00625 0.01484375
0 0.49296875 0.25078125 0.0046875 0.00859375
0 0.6515625 0.35390625 0.00703125 0.01484375
0 0.75078125 0.4125 0.00390625 0.01015625
0 0.6453125 0.38046875 0.00703125 0.01015625
0 0.471875 0.390625 0.0078125 0.01484375
0 0.440625 0.38046875 0.0078125 0.01875
0 0.28828125 0.44140625 0.0125 0.02578125
0 0.21796875 0.44375 0.00859375 0.021875