0 0.1125 0.41640625 0.06328125 0.140625
0 0.20390625 0.37265625 0.0578125 0.12578125
0 0.359375 0.34375 0.0375 0.0875
0 0.13984375 0.178125 0.02734375 0.06171875
0 0.4796875 0.33359375 0.0421875 0.09765625
0 0.565625 0.32421875 0.03125 0.0859375
0 0.603125 0.3171875 0.046875 0.10703125
0 0.68671875 0.34921875 0.0359375 0.08046875
0 0.71953125 0.35078125 0.03203125 0.0859375
0 0.7828125 0.3203125 0.03203125 0.07421875
0 0.83046875 0.2921875 0.01875 0.0453125
0 0.7984375 0.315625 0.015625 0.05390625
0 0.86953125 0.3 0.01640625 0.040625
0 0.90703125 0.28671875 0.0234375 0.04375
0 0.92890625 0.290625 0.0203125 0.03203125
0 0.946875 0.28671875 0.02265625 0.04375
0 0.98515625 0.2921875 0.02265625 0.03671875