0 0.2171875 0.671875 0.03203125 0.0625
0 0.0453125 0.7640625 0.02734375 0.090625
0 0.175 0.5859375 0.01484375 0.03671875
0 0.13359375 0.5625 0.0140625 0.0265625
0 0.21015625 0.57421875 0.015625 0.03515625
0 0.2671875 0.57890625 0.0109375 0.0265625
0 0.27734375 0.5671875 0.0140625 0.03203125
0 0.37578125 0.6078125 0.0171875 0.040625
0 0.39296875 0.68984375 0.01640625 0.06875
0 0.54140625 0.60625 0.00859375 0.03359375
0 0.6203125 0.66640625 0.025 0.0625
0 0.71015625 0.69375 0.02265625 0.05546875
0 0.809375 0.64453125 0.021875 0.0453125
0 0.77890625 0.5671875 0.00859375 0.0234375
0 0.7875 0.51640625 0.0109375 0.021875
0 0.9390625 0.53203125 0.0140625 0.0203125
0 0.9734375 0.60625 0.0140625 0.03515625
0 0.94375 0.48515625 0.0078125 0.01484375