0 0.0953125 0.29921875 0.0359375 0.0734375
0 0.40546875 0.36953125 0.0234375 0.03203125
0 0.396875 0.3078125 0.01640625 0.03203125
0 0.54375 0.33203125 0.0125 0.0203125
0 0.596875 0.41015625 0.025 0.0359375
0 0.634375 0.2890625 0.0078125 0.0140625
0 0.81953125 0.26015625 0.0171875 0.03046875
0 0.834375 0.28046875 0.01171875 0.02265625
0 0.85859375 0.2765625 0.01640625 0.02890625
0 0.8484375 0.33203125 0.0203125 0.03203125
0 0.92265625 0.2578125 0.01875 0.02734375
0 0.67734375 0.3296875 0.01484375 0.01875
0 0.55703125 0.28359375 0.00859375 0.015625
0 0.7140625 0.27734375 0.0078125 0.015625
0 0.73359375 0.28203125 0.00859375 0.015625
0 0.7875 0.275 0.00703125 0.0140625