0 0.26171875 0.43203125 0.040625 0.07890625
0 0.675 0.3484375 0.009375 0.01875
0 0.73828125 0.3453125 0.009375 0.0203125
0 0.84375 0.5109375 0.0078125 0.01328125
0 0.8515625 0.5171875 0.009375 0.01171875
0 0.865625 0.509375 0.00703125 0.01328125
0 0.8859375 0.515625 0.0078125 0.01640625
0 0.8796875 0.5171875 0.00390625 0.00859375
0 0.9015625 0.52265625 0.00703125 0.01328125
0 0.90703125 0.5140625 0.00625 0.00703125
0 0.95234375 0.49765625 0.0140625 0.025
0 0.9453125 0.50078125 0.0078125 0.01875
0 0.9828125 0.52109375 0.01875 0.02890625
0 0.6765625 0.1640625 0.00859375 0.01640625
0 0.69765625 0.17578125 0.00703125 0.01328125
0 0.64375 0.14765625 0.00703125 0.01328125
0 0.75234375 0.17265625 0.00703125 0.01328125
0 0.775 0.15234375 0.00859375 0.01640625