0 0.05546875 0.52109375 0.0328125 0.0640625
0 0.221875 0.571875 0.0203125 0.03671875
0 0.33125 0.5484375 0.03125 0.053125
0 0.29375 0.46328125 0.0171875 0.02890625
0 0.3953125 0.5 0.0265625 0.040625
0 0.43515625 0.459375 0.01640625 0.03671875
0 0.3953125 0.45703125 0.0140625 0.03515625
0 0.5015625 0.47265625 0.02265625 0.03671875
0 0.55 0.42421875 0.01953125 0.03671875
0 0.6046875 0.44296875 0.0171875 0.02578125
0 0.634375 0.4 0.015625 0.03125
0 0.6390625 0.43984375 0.0171875 0.03125
0 0.6765625 0.41015625 0.025 0.04921875
0 0.71171875 0.5140625 0.0234375 0.03671875
0 0.7703125 0.43359375 0.0375 0.0609375
0 0.89140625 0.41640625 0.01484375 0.0296875
0 0.9046875 0.38046875 0.01640625 0.02890625
0 0.93046875 0.415625 0.021875 0.04453125
0 0.2765625 0.484375 0.0125 0.025