0 0.03125 0.84296875 0.009375 0.01328125
0 0.06484375 0.975 0.0125 0.0234375
0 0.15 0.87421875 0.009375 0.01640625
0 0.28125 0.89609375 0.009375 0.0234375
0 0.3375 0.9078125 0.00703125 0.021875
0 0.4015625 0.84296875 0.00859375 0.01484375
0 0.36328125 0.8359375 0.0078125 0.01484375
0 0.4203125 0.84765625 0.00859375 0.0171875
0 0.2125 0.8125 0.00703125 0.01328125
0 0.24140625 0.840625 0.00625 0.01484375
0 0.22578125 0.86796875 0.00625 0.01640625
0 0.29296875 0.80546875 0.0078125 0.0171875
0 0.50859375 0.8328125 0.00859375 0.01484375
0 0.5171875 0.89296875 0.00703125 0.0171875
0 0.575 0.80078125 0.0078125 0.01328125
0 0.7125 0.8625 0.00703125 0.01875
0 0.83671875 0.91796875 0.0109375 0.0203125
0 0.7765625 0.8125 0.00703125 0.01484375
0 0.59609375 0.9046875 0.00859375 0.0234375
0 0.32265625 0.8609375 0.00703125 0.01640625
0 0.053125 0.8109375 0.00625 0.01484375
0 0.115625 0.83125 0.00703125 0.01328125
0 0.18984375 0.89453125 0.00703125 0.01875
0 0.2171875 0.9359375 0.0125 0.0203125
0 0.2140625 0.90078125 0.0109375 0.01484375
0 0.14921875 0.76875 0.00625 0.01015625
0 0.57109375 0.82890625 0.00859375 0.01484375
0 0.00859375 0.765625 0.00625 0.01171875
0 0.078125 0.7640625 0.00625 0.01015625
0 0.36484375 0.86796875 0.0046875 0.01640625