0 0.14140625 0.7046875 0.02734375 0.0859375
0 0.19453125 0.65625 0.03203125 0.07578125
0 0.29375 0.68125 0.021875 0.04140625
0 0.22109375 0.92421875 0.0265625 0.0703125
0 0.46484375 0.6015625 0.03515625 0.05859375
0 0.3796875 0.375 0.0078125 0.0171875
0 0.54609375 0.37734375 0.01171875 0.0171875
0 0.45234375 0.41171875 0.00703125 0.01171875
0 0.63828125 0.32265625 0.034375 0.05859375
0 0.6421875 0.884375 0.0359375 0.05703125
0 0.4734375 0.46640625 0.00703125 0.01328125
0 0.0484375 0.48671875 0.00703125 0.0234375