0 0.390625 0.45546875 0.03125 0.05078125
0 0.959375 0.3140625 0.06640625 0.13515625
0 0.51953125 0.4078125 0.03515625 0.04453125
0 0.56171875 0.37890625 0.0265625 0.05078125
0 0.58515625 0.3265625 0.0234375 0.04140625
0 0.6890625 0.3453125 0.01640625 0.03125
0 0.73125 0.359375 0.0140625 0.025
0 0.803125 0.35 0.0140625 0.0234375
0 0.875 0.3421875 0.009375 0.0171875
0 0.87421875 0.4140625 0.0109375 0.02109375
0 0.63359375 0.328125 0.021875 0.03671875
0 0.24140625 0.3375 0.0109375 0.0140625
0 0.84296875 0.36328125 0.0078125 0.0140625
0 0.85234375 0.359375 0.009375 0.01796875