0 0.1421875 0.459375 0.00859375 0.01796875
0 0.21171875 0.5328125 0.01484375 0.02109375
0 0.29296875 0.52265625 0.0078125 0.0171875
0 0.3734375 0.5515625 0.009375 0.021875
0 0.42109375 0.49140625 0.00859375 0.015625
0 0.4953125 0.44765625 0.00703125 0.01171875
0 0.525 0.43984375 0.009375 0.0171875
0 0.4796875 0.54765625 0.0078125 0.01953125
0 0.4953125 0.51328125 0.0109375 0.015625
0 0.79609375 0.46015625 0.009375 0.015625
0 0.596875 0.43203125 0.00859375 0.015625
0 0.55859375 0.44375 0.009375 0.015625
0 0.63203125 0.46015625 0.00625 0.01328125
0 0.53984375 0.55234375 0.00859375 0.0171875
0 0.559375 0.5734375 0.00703125 0.021875
0 0.39765625 0.4640625 0.00703125 0.015625
0 0.6109375 0.565625 0.01171875 0.01796875