0 0.771875 0.01640625 0.0078125 0.01640625
0 0.80546875 0.03515625 0.0078125 0.01953125
0 0.78046875 0.0125 0.00625 0.0109375
0 0.6625 0.05 0.0078125 0.015625
0 0.5234375 0.02890625 0.00625 0.01796875
0 0.5515625 0.0578125 0.0046875 0.0140625
0 0.60546875 0.01640625 0.0078125 0.015625
0 0.17421875 0.96484375 0.0109375 0.01953125
0 0.0515625 0.91171875 0.0109375 0.02578125
0 0.71875 0.053125 0.00625 0.0125
0 0.36640625 0.0546875 0.003125 0.0125
0 0.25703125 0.05625 0.0046875 0.0109375
0 0.2453125 0.0609375 0.00703125 0.0125
0 0.28828125 0.21640625 0.0078125 0.01640625
0 0.246875 0.259375 0.0109375 0.01953125
0 0.0984375 0.0640625 0.00703125 0.01640625
0 0.13828125 0.08203125 0.0046875 0.0109375
0 0.0515625 0.075 0.009375 0.01796875
0 0.290625 0.27578125 0.0078125 0.0140625
0 0.340625 0.33359375 0.009375 0.015625
0 0.32265625 0.33671875 0.00859375 0.01640625
0 0.36015625 0.378125 0.00859375 0.01796875
0 0.38125 0.390625 0.0078125 0.01640625
0 0.415625 0.4421875 0.00703125 0.02109375
0 0.44296875 0.47109375 0.0046875 0.015625
0 0.4765625 0.503125 0.0078125 0.01953125
0 0.496875 0.4953125 0.00859375 0.02109375
0 0.6390625 0.47890625 0.00703125 0.015625
0 0.70390625 0.52265625 0.009375 0.02265625
0 0.7359375 0.4328125 0.00703125 0.015625
0 0.74296875 0.446875 0.0046875 0.01640625
0 0.6203125 0.5125 0.00703125 0.0140625
0 0.61484375 0.48359375 0.0046875 0.01640625
0 0.55546875 0.5078125 0.0046875 0.015625
0 0.746875 0.28828125 0.00390625 0.0078125
0 0.8015625 0.34921875 0.0078125 0.0140625
0 0.82734375 0.34609375 0.0046875 0.0125
0 0.815625 0.3703125 0.00703125 0.0140625
0 0.9 0.51796875 0.00703125 0.01796875
0 0.82734375 0.496875 0.009375 0.02109375
0 0.059375 0.47109375 0.00703125 0.0140625
0 0.08203125 0.5015625 0.0078125 0.0140625
0 0.05859375 0.5 0.0078125 0.0140625
0 0.14375 0.53671875 0.009375 0.01640625
0 0.1828125 0.58984375 0.0078125 0.02109375
0 0.27734375 0.621875 0.0078125 0.01953125
0 0.465625 0.83203125 0.00390625 0.0125
0 0.4890625 0.8890625 0.00703125 0.015625
0 0.4453125 0.8625 0.0078125 0.01796875
0 0.36015625 0.73359375 0.0046875 0.0109375
0 0.7359375 0.8859375 0.00859375 0.01796875
0 0.69765625 0.9234375 0.0109375 0.01796875
0 0.834375 0.8625 0.00625 0.01796875
0 0.1296875 0.809375 0.0078125 0.015625
0 0.19921875 0.84609375 0.0078125 0.015625
0 0.040625 0.9296875 0.009375 0.015625
0 0.0796875 0.83515625 0.00703125 0.015625
0 0.46953125 0.02109375 0.00703125 0.01640625
0 0.471875 0.08515625 0.00703125 0.015625
0 0.31171875 0.075 0.00625 0.0140625
0 0.334375 0.08359375 0.00625 0.0125
0 0.35703125 0.0609375 0.0046875 0.0109375
0 0.1625 0.15546875 0.0109375 0.01953125
0 0.1984375 0.190625 0.00859375 0.01953125
0 0.2328125 0.15703125 0.00703125 0.015625
0 0.065625 0.4359375 0.00625 0.0125
0 0.01875 0.46015625 0.0078125 0.01640625