0 0.03359375 0.48046875 0.028125 0.06484375
0 0.1734375 0.52421875 0.02265625 0.05
0 0.27109375 0.46953125 0.02265625 0.0515625
0 0.509375 0.4265625 0.04296875 0.1171875
0 0.61875 0.4265625 0.0609375 0.134375
0 0.3703125 0.51953125 0.0109375 0.02734375
0 0.925 0.56015625 0.00859375 0.01484375
0 0.90625 0.56953125 0.00625 0.01484375
0 0.91875 0.5921875 0.00625 0.01640625
0 0.903125 0.60546875 0.00703125 0.01953125
0 0.8234375 0.58125 0.0109375 0.01640625
0 0.93828125 0.70625 0.009375 0.01953125
0 0.9578125 0.6984375 0.0109375 0.02265625
0 0.82109375 0.709375 0.01640625 0.02890625
0 0.83359375 0.6203125 0.01484375 0.02734375
0 0.8109375 0.615625 0.009375 0.02421875
0 0.87421875 0.61875 0.0078125 0.02265625