0 0.11484375 0.15859375 0.0109375 0.021875
0 0.10546875 0.1625 0.009375 0.01796875
0 0.1359375 0.16953125 0.0078125 0.02109375
0 0.33359375 0.18359375 0.0046875 0.009375
0 0.3703125 0.1734375 0.0046875 0.009375
0 0.7671875 0.171875 0.00703125 0.01328125
0 0.80078125 0.18203125 0.0078125 0.01328125
0 0.76015625 0.14609375 0.00703125 0.01171875
0 0.78515625 0.16640625 0.0078125 0.01328125
0 0.4 0.39296875 0.00390625 0.0078125
0 0.39375 0.353125 0.003125 0.0078125
0 0.459375 0.41171875 0.0046875 0.01015625
0 0.440625 0.40078125 0.0046875 0.009375
0 0.68671875 0.484375 0.0078125 0.015625
0 0.253125 0.56796875 0.00625 0.01015625
0 0.27265625 0.56875 0.00703125 0.0140625
0 0.303125 0.55078125 0.00703125 0.01328125
0 0.31953125 0.5484375 0.00625 0.01171875
0 0.2515625 0.6484375 0.0109375 0.01796875
0 0.5421875 0.73671875 0.0046875 0.01015625
0 0.6609375 0.72109375 0.0046875 0.01015625
0 0.64921875 0.72265625 0.00390625 0.0078125
0 0.659375 0.77890625 0.0046875 0.01015625
0 0.67578125 0.77578125 0.00625 0.009375
0 0.56328125 0.634375 0.0015625 0.00625
0 0.6421875 0.68203125 0.0046875 0.0078125
0 0.65703125 0.66015625 0.00390625 0.01171875
0 0.64765625 0.646875 0.00390625 0.0078125