0 0.82109375 0.571875 0.03203125 0.0578125
0 0.87578125 0.67265625 0.03046875 0.059375
0 0.94453125 0.44140625 0.02265625 0.03515625
0 0.871875 0.48671875 0.03125 0.05
0 0.81328125 0.446875 0.02421875 0.034375
0 0.77265625 0.4796875 0.03046875 0.0484375
0 0.73828125 0.43984375 0.02734375 0.05
0 0.71953125 0.45234375 0.01953125 0.034375
0 0.8 0.54296875 0.03046875 0.05234375
0 0.66328125 0.47265625 0.02421875 0.03828125
0 0.61875 0.45234375 0.0234375 0.03671875
0 0.5765625 0.39453125 0.021875 0.03125
0 0.5609375 0.48203125 0.0234375 0.03515625
0 0.5453125 0.403125 0.02265625 0.03515625
0 0.5046875 0.4640625 0.0265625 0.03828125
0 0.6359375 0.45546875 0.01640625 0.0328125
0 0.421875 0.50234375 0.025 0.04140625
0 0.440625 0.459375 0.02265625 0.03828125
0 0.4125 0.36875 0.02265625 0.03671875
0 0.36875 0.45078125 0.02421875 0.034375
0 0.29921875 0.4171875 0.0265625 0.0453125
0 0.2796875 0.4609375 0.03046875 0.05078125
0 0.27109375 0.40390625 0.0265625 0.0421875
0 0.24296875 0.32890625 0.025 0.03828125
0 0.11640625 0.20703125 0.0296875 0.07265625