0 0.85703125 0.36171875 0.034375 0.04296875
0 0.7359375 0.3828125 0.03515625 0.04453125
0 0.60234375 0.3671875 0.03828125 0.04375
0 0.9671875 0.38828125 0.0109375 0.01796875
0 0.9625 0.3375 0.009375 0.01484375
0 0.3984375 0.36953125 0.0296875 0.03828125
0 0.4765625 0.36171875 0.03125 0.04140625
0 0.303125 0.37734375 0.0296875 0.0390625
0 0.31328125 0.3453125 0.025 0.0390625
0 0.521875 0.34140625 0.03203125 0.04140625
0 0.03203125 0.38046875 0.0125 0.01484375
0 0.1875 0.38046875 0.03125 0.04453125
0 0.09921875 0.37265625 0.028125 0.03828125
0 0.415625 0.34453125 0.03203125 0.04296875