0 0.06171875 0.465625 0.0140625 0.03046875
0 0.3640625 0.44921875 0.0140625 0.02890625
0 0.3703125 0.4828125 0.01171875 0.02890625
0 0.38984375 0.4703125 0.0109375 0.028125
0 0.4109375 0.47890625 0.0125 0.0265625
0 0.43515625 0.49921875 0.00859375 0.025
0 0.45390625 0.47265625 0.0109375 0.028125
0 0.471875 0.4828125 0.0140625 0.03046875
0 0.5140625 0.47734375 0.0109375 0.0234375
0 0.53046875 0.47109375 0.0125 0.0265625
0 0.55625 0.509375 0.0140625 0.025
0 0.56875 0.4875 0.015625 0.03046875
0 0.60703125 0.4828125 0.01484375 0.03046875
0 0.6296875 0.47265625 0.0171875 0.02890625
0 0.66484375 0.47578125 0.015625 0.03203125
0 0.68984375 0.48203125 0.01640625 0.03828125
0 0.71171875 0.4609375 0.01953125 0.0453125
0 0.7234375 0.49453125 0.0140625 0.03515625
0 0.7765625 0.46875 0.0171875 0.03984375
0 0.7921875 0.44765625 0.01640625 0.03984375
0 0.82265625 0.47578125 0.01484375 0.040625
0 0.84765625 0.4609375 0.015625 0.03359375
0 0.87265625 0.49765625 0.01875 0.0453125
0 0.8953125 0.46875 0.0125 0.03671875