0 0.0609375 0.3953125 0.01171875 0.01953125
0 0.1140625 0.4046875 0.01640625 0.025
0 0.0921875 0.434375 0.0234375 0.0359375
0 0.17890625 0.39921875 0.025 0.0375
0 0.221875 0.4078125 0.01875 0.025
0 0.37890625 0.421875 0.01171875 0.0234375
0 0.40546875 0.42265625 0.01171875 0.02265625
0 0.428125 0.4171875 0.0140625 0.0234375
0 0.47578125 0.4171875 0.01953125 0.0265625
0 0.5421875 0.3828125 0.0328125 0.0453125
0 0.57890625 0.41484375 0.01640625 0.02421875
0 0.5875 0.41484375 0.0078125 0.0203125
0 0.89375 0.41875 0.0109375 0.01640625
0 0.87421875 0.3890625 0.01875 0.0265625