0 0.2765625 0.5890625 0.05625 0.10078125
0 0.2625 0.31328125 0.04375 0.08515625
0 0.175 0.34453125 0.0546875 0.08515625
0 0.46796875 0.31015625 0.04765625 0.078125
0 0.521875 0.6234375 0.03828125 0.08828125
0 0.146875 0.71484375 0.06328125 0.1078125
0 0.61328125 0.478125 0.0390625 0.05859375
0 0.6625 0.49453125 0.0375 0.05859375
0 0.553125 0.5203125 0.034375 0.05546875
0 0.58046875 0.24453125 0.03046875 0.0671875
0 0.5 0.30859375 0.0375 0.0671875
0 0.653125 0.32421875 0.0265625 0.05390625
0 0.7171875 0.31328125 0.040625 0.06484375
0 0.74921875 0.27578125 0.0640625 0.09609375
0 0.8734375 0.2890625 0.0421875 0.0703125
0 0.38203125 0.28203125 0.00859375 0.01484375
0 0.428125 0.25 0.00703125 0.01484375
0 0.40625 0.28046875 0.00625 0.01171875