0 0.03828125 0.21484375 0.01640625 0.03125
0 0.09609375 0.32109375 0.03046875 0.06484375
0 0.13671875 0.365625 0.0390625 0.07578125
0 0.21796875 0.33125 0.04765625 0.09453125
0 0.31484375 0.1890625 0.03046875 0.0546875
0 0.31875 0.25 0.03828125 0.09140625
0 0.44375 0.1375 0.0375 0.07265625
0 0.49375 0.275 0.02734375 0.06640625
0 0.62421875 0.3359375 0.0828125 0.171875
0 0.865625 0.09765625 0.03984375 0.0875
0 0.178125 0.25625 0.0046875 0.01171875
0 0.1609375 0.2765625 0.00390625 0.01171875
0 0.14296875 0.26015625 0.0046875 0.01171875