0 0.05390625 0.4046875 0.00859375 0.03203125
0 0.0984375 0.409375 0.0078125 0.03203125
0 0.1140625 0.3796875 0.00703125 0.0296875
0 0.12890625 0.371875 0.009375 0.03203125
0 0.17421875 0.35078125 0.00859375 0.040625
0 0.2140625 0.3453125 0.0125 0.0484375
0 0.24296875 0.34765625 0.01171875 0.04609375
0 0.27265625 0.32578125 0.0140625 0.0484375
0 0.30390625 0.27734375 0.01484375 0.0484375
0 0.3453125 0.3046875 0.01484375 0.0484375
0 0.3875 0.3234375 0.0109375 0.03203125
0 0.43125 0.29921875 0.01171875 0.04609375
0 0.4734375 0.28828125 0.0140625 0.04296875
0 0.53046875 0.28828125 0.0109375 0.0375
0 0.5453125 0.27734375 0.0140625 0.04609375
0 0.57734375 0.25078125 0.0140625 0.04296875
0 0.5984375 0.2671875 0.009375 0.040625
0 0.62109375 0.25078125 0.01171875 0.04296875
0 0.66328125 0.23203125 0.01171875 0.04296875
0 0.690625 0.22890625 0.0125 0.0484375
0 0.7171875 0.23984375 0.0109375 0.03515625
0 0.771875 0.196875 0.0125 0.04296875
0 0.821875 0.1859375 0.0125 0.04609375
0 0.92890625 0.15625 0.01171875 0.04609375
0 0.19296875 0.33671875 0.00703125 0.0375
0 0.365625 0.32109375 0.00859375 0.03515625
0 0.40234375 0.33125 0.0078125 0.02734375
0 0.4984375 0.25859375 0.00859375 0.0375
0 0.6515625 0.2375 0.00703125 0.0375
0 0.85234375 0.2671875 0.00703125 0.021875