0 0.79375 0.3890625 0.0234375 0.0375
0 0.84453125 0.396875 0.021875 0.03671875
0 0.1046875 0.3515625 0.0140625 0.0375
0 0.85546875 0.3453125 0.01953125 0.03671875
0 0.9109375 0.390625 0.028125 0.04453125
0 0.940625 0.40234375 0.02421875 0.0390625
0 0.953125 0.32265625 0.01953125 0.0328125
0 0.98828125 0.36484375 0.0234375 0.0515625
0 0.825 0.37890625 0.01875 0.0375
0 0.35078125 0.31015625 0.0125 0.0171875
0 0.0921875 0.2890625 0.01484375 0.021875
0 0.12734375 0.32265625 0.01640625 0.02734375
0 0.01640625 0.3609375 0.02265625 0.03359375
0 0.04609375 0.37265625 0.021875 0.03515625
0 0.06875 0.34921875 0.01875 0.0375
0 0.0421875 0.334375 0.0140625 0.021875
0 0.08515625 0.3578125 0.02421875 0.03671875
0 0.13359375 0.3609375 0.0203125 0.0328125
0 0.15234375 0.33828125 0.015625 0.0296875
0 0.1640625 0.3515625 0.015625 0.02578125
0 0.175 0.36484375 0.02421875 0.0375
0 0.1703125 0.2875 0.0125 0.025
0 0.18046875 0.30703125 0.015625 0.02734375
0 0.21796875 0.28359375 0.015625 0.02109375
0 0.2203125 0.3140625 0.01484375 0.0296875
0 0.11796875 0.29921875 0.0125 0.021875
0 0.228125 0.35703125 0.01875 0.03125
0 0.25 0.353125 0.021875 0.0390625
0 0.521875 0.36328125 0.01484375 0.03125
0 0.53515625 0.3671875 0.021875 0.0375
0 0.57265625 0.3734375 0.02265625 0.0390625
0 0.60546875 0.3734375 0.021875 0.0375
0 0.615625 0.43125 0.02421875 0.0390625
0 0.63046875 0.384375 0.02265625 0.03359375
0 0.640625 0.31796875 0.0140625 0.01953125
0 0.6671875 0.2953125 0.00859375 0.01953125
0 0.6765625 0.30078125 0.0125 0.02109375
0 0.68671875 0.37890625 0.02421875 0.0390625
0 0.50703125 0.36484375 0.01953125 0.03671875
0 0.475 0.4203125 0.0234375 0.0375
0 0.6828125 0.33828125 0.0203125 0.03125
0 0.71875 0.3890625 0.025 0.04296875
0 0.7546875 0.33984375 0.01953125 0.0328125
0 0.75234375 0.44140625 0.02265625 0.0375
0 0.7734375 0.36953125 0.01953125 0.0328125
0 0.25078125 0.29140625 0.0140625 0.0234375
0 0.3 0.2875 0.01171875 0.021875
0 0.3265625 0.296875 0.01640625 0.0234375
0 0.36953125 0.2953125 0.0125 0.02109375
0 0.3015625 0.359375 0.02265625 0.03359375
0 0.31953125 0.3515625 0.0125 0.0328125
0 0.33359375 0.36171875 0.01484375 0.03671875
0 0.3453125 0.3515625 0.02265625 0.04140625
0 0.2796875 0.40078125 0.0234375 0.04140625
0 0.38125 0.29296875 0.0109375 0.02109375
0 0.4015625 0.26171875 0.0125 0.02109375
0 0.3953125 0.30625 0.0125 0.0234375
0 0.4359375 0.296875 0.015625 0.0234375
0 0.4453125 0.296875 0.009375 0.02109375
0 0.46875 0.30859375 0.01171875 0.02109375
0 0.490625 0.30234375 0.0140625 0.02109375
0 0.48125 0.32578125 0.0140625 0.025
0 0.3875 0.359375 0.01953125 0.03359375
0 0.41875 0.3515625 0.015625 0.03359375
0 0.43046875 0.35703125 0.0171875 0.03515625
0 0.44765625 0.37109375 0.02265625 0.0375
0 0.52109375 0.2953125 0.0125 0.01796875
0 0.57578125 0.30703125 0.0109375 0.01953125
0 0.59296875 0.303125 0.0140625 0.01796875
0 0.5859375 0.3265625 0.01171875 0.02109375
0 0.05625 0.2890625 0.01640625 0.02578125
0 0.0484375 0.30078125 0.015625 0.021875
0 0.0515625 0.31796875 0.01640625 0.025
0 0.70703125 0.35703125 0.01953125 0.0328125