0 0.37578125 0.6578125 0.0203125 0.07109375
0 0.4359375 0.4953125 0.01875 0.05625
0 0.44453125 0.3609375 0.01484375 0.04453125
0 0.49140625 0.26640625 0.009375 0.028125
0 0.57734375 0.2171875 0.0078125 0.02109375
0 0.590625 0.2921875 0.01484375 0.03984375
0 0.6140625 0.3890625 0.0140625 0.04921875
0 0.871875 0.37265625 0.00703125 0.0375
0 0.925 0.421875 0.01171875 0.04453125
0 0.9078125 0.51640625 0.02265625 0.0828125
0 0.9453125 0.3703125 0.009375 0.0375
0 0.9515625 0.49296875 0.01640625 0.05625
0 0.9671875 0.49765625 0.015625 0.04453125
0 0.92421875 0.2875 0.00703125 0.028125
0 0.9484375 0.28984375 0.00703125 0.028125
0 0.9953125 0.3109375 0.00859375 0.0375
0 0.9390625 0.6765625 0.01875 0.0828125
0 0.99296875 0.7171875 0.0140625 0.09453125
0 0.971875 0.39375 0.01171875 0.046875
0 0.884375 0.4578125 0.01484375 0.06875
0 0.88125 0.63671875 0.02265625 0.08984375
0 0.9046875 0.5609375 0.0125 0.06640625
0 0.2375 0.17421875 0.00703125 0.03046875
0 0.19453125 0.20078125 0.00859375 0.0234375