0 0.0265625 0.24765625 0.021875 0.04765625
0 0.07578125 0.25625 0.01875 0.0453125
0 0.09921875 0.25234375 0.0203125 0.04375
0 0.11640625 0.259375 0.0125 0.028125
0 0.13125 0.2828125 0.01875 0.03671875
0 0.16875 0.26875 0.01953125 0.03671875
0 0.20859375 0.2421875 0.0203125 0.04921875
0 0.2828125 0.2265625 0.02421875 0.05625
0 0.384375 0.21953125 0.02421875 0.05078125
0 0.40859375 0.19296875 0.028125 0.06484375
0 0.51875 0.1734375 0.034375 0.071875
0 0.6140625 0.196875 0.028125 0.06484375
0 0.71796875 0.21015625 0.0328125 0.07890625
0 0.9078125 0.23515625 0.03515625 0.07578125