0 0.26484375 0.56953125 0.03515625 0.0609375
0 0.1671875 0.7546875 0.01953125 0.0390625
0 0.07109375 0.76640625 0.0234375 0.0453125
0 0.0296875 0.3265625 0.0109375 0.02734375
0 0.04609375 0.35 0.0125 0.03125
0 0.0609375 0.37734375 0.0109375 0.025
0 0.08828125 0.40703125 0.01484375 0.03125
0 0.12578125 0.39140625 0.0140625 0.02578125
0 0.14765625 0.42265625 0.015625 0.0328125
0 0.19609375 0.4296875 0.0125 0.025
0 0.284375 0.4515625 0.0125 0.0234375
0 0.31171875 0.465625 0.01171875 0.025
0 0.3859375 0.46171875 0.0109375 0.0234375
0 0.46953125 0.46796875 0.01171875 0.02109375
0 0.925 0.66796875 0.0078125 0.021875
0 0.909375 0.70546875 0.0109375 0.025
0 0.6 0.596875 0.0078125 0.01328125
0 0.4859375 0.59921875 0.00703125 0.01328125
0 0.49765625 0.5796875 0.00703125 0.01796875
0 0.5046875 0.5640625 0.0046875 0.01328125
0 0.0625 0.30078125 0.01171875 0.0234375
0 0.071875 0.36328125 0.01171875 0.02578125
0 0.0765625 0.334375 0.0109375 0.025
0 0.0875 0.33984375 0.0109375 0.0171875
0 0.08515625 0.365625 0.009375 0.025
0 0.0984375 0.33046875 0.01640625 0.0390625
0 0.1359375 0.35390625 0.009375 0.0234375
0 0.14453125 0.36171875 0.0078125 0.0171875
0 0.17578125 0.39296875 0.009375 0.02890625
0 0.1875 0.390625 0.0078125 0.0140625
0 0.19609375 0.3984375 0.00390625 0.01328125
0 0.21953125 0.4140625 0.01171875 0.0234375
0 0.31953125 0.44453125 0.01171875 0.02109375
0 0.3375 0.46328125 0.0078125 0.021875
0 0.3265625 0.46171875 0.0078125 0.0171875
0 0.63125 0.5953125 0.00703125 0.01328125
0 0.6140625 0.59375 0.00859375 0.015625
0 0.57421875 0.59765625 0.0078125 0.0140625
0 0.815625 0.73046875 0.0109375 0.0234375
0 0.87421875 0.734375 0.01484375 0.03125
0 0.8453125 0.6875 0.0125 0.0234375
0 0.696875 0.76640625 0.0140625 0.02734375
0 0.65078125 0.740625 0.0109375 0.03125
0 0.83125 0.71953125 0.0109375 0.0234375
0 0.85234375 0.7265625 0.01171875 0.02734375
0 0.24921875 0.41875 0.0109375 0.021875
0 0.7359375 0.6734375 0.00859375 0.02109375
0 0.7515625 0.66171875 0.009375 0.02109375
0 0.7921875 0.6546875 0.0078125 0.021875
0 0.55 0.59765625 0.00859375 0.01328125
0 0.66953125 0.60859375 0.00703125 0.015625
0 0.68125 0.596875 0.00625 0.01953125
0 0.69453125 0.59375 0.0078125 0.0171875
0 0.09375 0.6546875 0.0171875 0.0296875
0 0.0421875 0.6109375 0.021875 0.0390625
0 0.03203125 0.6734375 0.0234375 0.0375