0 0.2125 0.309375 0.096875 0.096875
0 0.6578125 0.25546875 0.0359375 0.0296875
0 0.73359375 0.26328125 0.03203125 0.0328125
0 0.853125 0.2171875 0.0875 0.09140625
0 0.7125 0.2859375 0.01484375 0.01328125
0 0.77109375 0.271875 0.028125 0.02890625
0 0.978125 0.15 0.0390625 0.0515625
0 0.94140625 0.23359375 0.021875 0.02265625
0 0.98828125 0.2671875 0.021875 0.0421875
0 0.01015625 0.26171875 0.01640625 0.0203125
0 0.10625 0.29296875 0.0328125 0.03515625
0 0.1046875 0.2421875 0.0421875 0.04140625
0 0.359375 0.25 0.0328125 0.0328125
0 0.39296875 0.17578125 0.1046875 0.175