0 0.34765625 0.44609375 0.0171875 0.02734375
0 0.290625 0.36015625 0.0109375 0.0234375
0 0.32578125 0.37265625 0.0125 0.0234375
0 0.35859375 0.34921875 0.0171875 0.02734375
0 0.3546875 0.31171875 0.0171875 0.02890625
0 0.403125 0.28125 0.01640625 0.02890625
0 0.41953125 0.33515625 0.0203125 0.0328125
0 0.44375 0.31171875 0.01953125 0.03515625
0 0.43671875 0.51796875 0.01640625 0.02734375
0 0.50078125 0.46640625 0.0171875 0.0328125
0 0.49921875 0.43515625 0.01640625 0.025
0 0.55703125 0.496875 0.01484375 0.025
0 0.5890625 0.53984375 0.01640625 0.0296875
0 0.6265625 0.46640625 0.0171875 0.0328125
0 0.61875 0.38359375 0.0171875 0.03125
0 0.6609375 0.346875 0.01484375 0.025
0 0.671875 0.32734375 0.0140625 0.0234375
0 0.62734375 0.26953125 0.0203125 0.02578125
0 0.340625 0.265625 0.01953125 0.0234375
0 0.45546875 0.2671875 0.01640625 0.021875
0 0.3140625 0.2984375 0.015625 0.02734375
0 0.6125 0.43515625 0.0078125 0.015625
0 0.53828125 0.29453125 0.0140625 0.01796875