0 0.17109375 0.07421875 0.009375 0.00859375
0 0.1578125 0.075 0.0078125 0.00625
0 0.20390625 0.078125 0.00859375 0.00859375
0 0.2125 0.075 0.00859375 0.0109375
0 0.078125 0.03828125 0.0078125 0.0078125
0 0.06171875 0.02890625 0.0078125 0.0109375
0 0.284375 0.03203125 0.0109375 0.0078125
0 0.26640625 0.09765625 0.015625 0.009375
0 0.25859375 0.07421875 0.009375 0.009375
0 0.27265625 0.065625 0.0078125 0.00703125
0 0.2796875 0.07578125 0.009375 0.0078125
0 0.303125 0.08515625 0.01171875 0.009375
0 0.31953125 0.04140625 0.009375 0.00859375
0 0.32734375 0.07421875 0.0109375 0.0140625
0 0.184375 0.03203125 0.009375 0.01015625
0 0.33515625 0.025 0.00625 0.0078125
0 0.3265625 0.01953125 0.00703125 0.00703125
0 0.221875 0.0140625 0.0078125 0.0109375
0 0.33671875 0.0171875 0.00859375 0.00859375
0 0.334375 0.00390625 0.0140625 0.00703125
0 0.353125 0.03984375 0.01171875 0.01171875
0 0.36953125 0.04140625 0.00859375 0.01015625
0 0.3484375 0.07734375 0.0125 0.0109375
0 0.3578125 0.096875 0.0109375 0.00859375
0 0.3765625 0.02890625 0.01171875 0.01015625
0 0.38671875 0.0640625 0.009375 0.009375
0 0.225 0.06640625 0.0109375 0.0109375
0 0.0171875 0.14921875 0.00625 0.01171875
0 0.028125 0.85703125 0.05625 0.09765625
0 0.0140625 0.6703125 0.02734375 0.0703125
0 0.11640625 0.66953125 0.0671875 0.06328125
0 0.17109375 0.6640625 0.04375 0.0515625
0 0.8296875 0.9390625 0.05 0.08125
0 0.9046875 0.88671875 0.09453125 0.0890625
0 0.9546875 0.66015625 0.05859375 0.06484375
0 0.51484375 0.53046875 0.1140625 0.10078125
0 0.075 0.59375 0.05078125 0.04140625
0 0.1703125 0.51875 0.04609375 0.0421875
0 0.2234375 0.50390625 0.0265625 0.03125
0 0.3375 0.49296875 0.0375 0.046875
0 0.440625 0.5125 0.04375 0.04765625
0 0.59296875 0.47890625 0.028125 0.0265625
0 0.54609375 0.45390625 0.03046875 0.025
0 0.49609375 0.4375 0.0171875 0.0171875
0 0.021875 0.43359375 0.02421875 0.0359375
0 0.04140625 0.43046875 0.01640625 0.0265625
0 0.06484375 0.42109375 0.01484375 0.01953125
0 0.1078125 0.434375 0.03515625 0.03984375
0 0.2046875 0.4234375 0.025 0.0265625
0 0.178125 0.39765625 0.0171875 0.021875
0 0.30234375 0.42421875 0.02265625 0.02109375
0 0.3875 0.42265625 0.02734375 0.02421875
0 0.65 0.440625 0.01875 0.0234375
0 0.59921875 0.38203125 0.01484375 0.01328125
0 0.075 0.38203125 0.0203125 0.02265625
0 0.30078125 0.32734375 0.01953125 0.0171875
0 0.19609375 0.31640625 0.021875 0.01484375
0 0.07109375 0.4703125 0.01953125 0.02734375
0 0.02421875 0.38984375 0.01484375 0.0171875
0 0.0265625 0.01953125 0.009375 0.01015625
0 0.09453125 0.015625 0.01171875 0.0109375
0 0.10390625 0.003125 0.00859375 0.00546875
0 0.0765625 0.0171875 0.009375 0.00859375
0 0.053125 0.01171875 0.009375 0.0078125
0 0.115625 0.03359375 0.0140625 0.0109375
0 0.1140625 0.05859375 0.0125 0.01015625
0 0.04453125 0.1 0.0109375 0.0109375
0 0.0171875 0.06171875 0.01171875 0.01171875
0 0.0015625 0.0640625 0.003125 0.009375
0 0.003125 0.10859375 0.00625 0.0171875
0 0.18671875 0.2046875 0.00703125 0.0078125
0 0.20859375 0.23671875 0.00859375 0.009375
0 0.078125 0.253125 0.009375 0.01015625
0 0.10078125 0.18125 0.009375 0.01015625
0 0.02734375 0.26796875 0.009375 0.021875
0 0.040625 0.29375 0.01640625 0.015625
0 0.09921875 0.29765625 0.01875 0.02265625
0 0.11328125 0.28984375 0.0171875 0.01484375
0 0.1359375 0.28984375 0.0125 0.0171875
0 0.2078125 0.29765625 0.015625 0.0109375
0 0.2515625 0.3078125 0.015625 0.021875
0 0.66875 0.4765625 0.015625 0.01640625
0 0.690625 0.446875 0.01875 0.01484375
0 0.578125 0.46484375 0.025 0.0203125
0 0.66328125 0.40390625 0.0109375 0.015625
0 0.70703125 0.41171875 0.015625 0.0203125
0 0.72421875 0.5578125 0.04609375 0.05390625
0 0.7640625 0.5203125 0.021875 0.02265625
0 0.8109375 0.60625 0.0296875 0.03125
0 0.925 0.521875 0.03828125 0.03125
0 0.2015625 0.10234375 0.01171875 0.0125
0 0.2609375 0.12265625 0.0109375 0.01171875
0 0.321875 0.11953125 0.0125 0.009375
0 0.346875 0.10859375 0.0109375 0.009375
0 0.4390625 0.07109375 0.00859375 0.01015625
0 0.47734375 0.0546875 0.00859375 0.00859375
0 0.43203125 0.05703125 0.00703125 0.00625
0 0.40546875 0.0890625 0.01171875 0.01015625
0 0.2984375 0.1140625 0.00859375 0.01015625
0 0.7375 0.08828125 0.009375 0.0078125
0 0.7375 0.1 0.00703125 0.0078125
0 0.74375 0.0140625 0.00859375 0.00625
0 0.76171875 0.009375 0.0078125 0.00546875
0 0.878125 0.36484375 0.0109375 0.0125
0 0.98515625 0.36796875 0.01171875 0.0140625
0 0.72734375 0.38359375 0.015625 0.015625
0 0.865625 0.37109375 0.0140625 0.01015625
0 0.65859375 0.38203125 0.0125 0.0125
0 0.7671875 0.28515625 0.015625 0.0109375
0 0.7984375 0.3140625 0.01875 0.01328125
0 0.83203125 0.3390625 0.01171875 0.01015625
0 0.865625 0.3015625 0.01484375 0.01171875
0 0.8515625 0.26484375 0.0171875 0.0140625
0 0.89921875 0.2890625 0.0140625 0.01171875
0 0.91953125 0.29609375 0.0109375 0.0140625
0 0.92265625 0.2609375 0.0109375 0.01015625
0 0.946875 0.33828125 0.0140625 0.01328125
0 0.95234375 0.3140625 0.0109375 0.01328125
0 0.98671875 0.3125 0.00859375 0.009375
0 0.9953125 0.32734375 0.00859375 0.01328125
0 0.9890625 0.27109375 0.009375 0.01015625
0 0.99140625 0.25625 0.015625 0.01328125
0 0.80625 0.275 0.0109375 0.01640625
0 0.909375 0.2765625 0.01640625 0.0140625
0 0.896875 0.33046875 0.0109375 0.0125
0 0.76640625 0.21015625 0.01171875 0.01015625
0 0.78671875 0.196875 0.0125 0.01015625
0 0.82109375 0.246875 0.01640625 0.0125
0 0.86796875 0.2265625 0.0109375 0.01171875
0 0.90703125 0.23359375 0.0140625 0.01015625
0 0.928125 0.209375 0.0125 0.01015625
0 0.91015625 0.2125 0.01171875 0.0109375
0 0.9578125 0.22421875 0.009375 0.01171875
0 0.99296875 0.22734375 0.0125 0.01171875
0 0.96953125 0.20625 0.01171875 0.01015625
0 0.79609375 0.22421875 0.0109375 0.01015625
0 0.8421875 0.2109375 0.0078125 0.01328125
0 0.85078125 0.1953125 0.009375 0.0109375
0 0.87421875 0.1796875 0.0125 0.009375
0 0.90859375 0.1765625 0.0125 0.0109375
0 0.9265625 0.19609375 0.00625 0.00703125
0 0.9484375 0.17734375 0.00703125 0.01171875
0 0.84375 0.178125 0.0078125 0.00703125
0 0.81875 0.171875 0.009375 0.00703125
0 0.85703125 0.16875 0.0109375 0.00859375
0 0.94375 0.15390625 0.0109375 0.009375
0 0.97734375 0.15 0.0078125 0.01015625
0 0.9875 0.17578125 0.0109375 0.009375
0 0.8 0.14375 0.00859375 0.009375
0 0.878125 0.13359375 0.00859375 0.0109375
0 0.7984375 0.12578125 0.009375 0.0078125
0 0.8453125 0.128125 0.0078125 0.00546875
0 0.925 0.10390625 0.0109375 0.009375
0 0.903125 0.14296875 0.0125 0.009375
0 0.69453125 0.0859375 0.0109375 0.009375
0 0.72890625 0.11171875 0.0109375 0.0078125
0 0.678125 0.10859375 0.00859375 0.00859375
0 0.97578125 0.103125 0.00625 0.0078125
0 0.94765625 0.0203125 0.00703125 0.00546875
0 0.965625 0.04140625 0.009375 0.00703125
0 0.734375 0.0640625 0.0078125 0.0078125
0 0.928125 0.06953125 0.00859375 0.00859375
0 0.92578125 0.00546875 0.0078125 0.0078125
0 0.87109375 0.015625 0.00625 0.00703125
0 0.959375 0.01484375 0.00703125 0.00703125
0 0.978125 0.01171875 0.00625 0.0078125
0 0.95703125 0.03203125 0.009375 0.0078125
0 0.95234375 0.04140625 0.00703125 0.0078125
0 0.8328125 0.3171875 0.0109375 0.01015625
0 0.875 0.2796875 0.009375 0.00859375
0 0.87421875 0.2015625 0.00859375 0.0109375
0 0.85234375 0.46796875 0.01171875 0.0140625
0 0.8875 0.51171875 0.0125 0.01640625
0 0.909375 0.48515625 0.01953125 0.0171875
0 0.9703125 0.45390625 0.01171875 0.021875
0 0.63671875 0.109375 0.009375 0.00703125
0 0.675 0.0515625 0.00625 0.00546875
0 0.5984375 0.09453125 0.0078125 0.0078125
0 0.6203125 0.08203125 0.00625 0.00625
0 0.64140625 0.0796875 0.00703125 0.00546875
0 0.6125 0.06328125 0.0078125 0.0078125
0 0.621875 0.0421875 0.00859375 0.01015625
0 0.64609375 0.034375 0.00859375 0.009375
0 0.6078125 0.03359375 0.00703125 0.00859375
0 0.61171875 0.01953125 0.00703125 0.0078125
0 0.62421875 0.0203125 0.00859375 0.00703125
0 0.62890625 0.00625 0.00625 0.00625
0 0.65546875 0.03515625 0.00625 0.00625
0 0.66328125 0.075 0.0109375 0.009375
0 0.68984375 0.06953125 0.00703125 0.00859375
0 0.7015625 0.03046875 0.01171875 0.009375
0 0.67265625 0.03046875 0.009375 0.0109375
0 0.7 0.05703125 0.009375 0.0078125
0 0.39765625 0.05078125 0.0046875 0.0078125
0 0.446875 0.05 0.00625 0.00703125
0 0.46015625 0.0421875 0.00859375 0.00859375
0 0.459375 0.02890625 0.009375 0.009375
0 0.43828125 0.0171875 0.009375 0.01015625
0 0.428125 0.0171875 0.0078125 0.009375
0 0.46796875 0.0125 0.009375 0.00859375
0 0.48515625 0.034375 0.00703125 0.00703125
0 0.46796875 0.025 0.00703125 0.009375
0 0.5140625 0.03125 0.0078125 0.00703125
0 0.54375 0.0265625 0.00625 0.00859375
0 0.55390625 0.00859375 0.00625 0.00703125
0 0.54296875 0.04609375 0.009375 0.01171875
0 0.4953125 0.075 0.0078125 0.00859375
0 0.509375 0.07734375 0.00859375 0.009375
0 0.528125 0.0890625 0.0078125 0.009375
0 0.540625 0.08828125 0.009375 0.01015625
0 0.51328125 0.01328125 0.00703125 0.01015625
0 0.3875 0.00546875 0.00703125 0.00703125
0 0.40703125 0.01640625 0.00703125 0.00546875
0 0.3875 0.02109375 0.00703125 0.00703125
0 0.5 0.03671875 0.0078125 0.00625
0 0.47421875 0.0453125 0.00859375 0.009375
0 0.5609375 0.0421875 0.00703125 0.00703125
0 0.5796875 0.0734375 0.01171875 0.01015625
0 0.5953125 0.04375 0.009375 0.009375
0 0.6703125 0.00625 0.00625 0.00625
0 0.5421875 0.0640625 0.0109375 0.00859375
0 0.5984375 0.075 0.00859375 0.00703125
0 0.56875 0.00546875 0.0046875 0.00703125
0 0.596875 0.00625 0.00625 0.009375
0 0.58203125 0.0234375 0.0078125 0.00625
0 0.57890625 0.0296875 0.0046875 0.00703125
0 0.55 0.0203125 0.0078125 0.0078125
0 0.56328125 0.01953125 0.00703125 0.00859375
0 0.56953125 0.02265625 0.0109375 0.009375
0 0.759375 0.0671875 0.00625 0.0078125
0 0.70703125 0.07109375 0.0078125 0.0078125
0 0.715625 0.03203125 0.0078125 0.00703125
0 0.53125 0.0796875 0.0078125 0.0078125
0 0.5140625 0.07109375 0.00859375 0.01015625
0 0.49921875 0.053125 0.00859375 0.009375
0 0.5546875 0.1078125 0.0078125 0.01015625
0 0.18046875 0.00703125 0.0078125 0.00703125
0 0.17265625 0.03203125 0.0078125 0.00625
0 0.2140625 0.00546875 0.0109375 0.0078125
0 0.1578125 0.04140625 0.0125 0.009375
0 0.1453125 0.03671875 0.0078125 0.00859375
0 0.134375 0.0375 0.00703125 0.00859375
0 0.4203125 0.02734375 0.00625 0.00703125
0 0.4921875 0.0109375 0.00625 0.00625
0 0.50390625 0.00625 0.00625 0.00546875
0 0.51875 0.00546875 0.00625 0.00625
0 0.1453125 0.065625 0.009375 0.009375
0 0.81953125 0.18046875 0.009375 0.0078125
0 0.8265625 0.19140625 0.009375 0.00703125
0 0.8046875 0.17734375 0.0078125 0.009375
0 0.8046875 0.19296875 0.00625 0.00859375
0 0.790625 0.1078125 0.0109375 0.0078125
0 0.8265625 0.1109375 0.00859375 0.00625
0 0.80625 0.09296875 0.0109375 0.00859375
0 0.8203125 0.09453125 0.0078125 0.00703125
0 0.83046875 0.40625 0.0203125 0.01875
0 0.8046875 0.0171875 0.0078125 0.00703125
0 0.7796875 0.025 0.00703125 0.00546875
0 0.86015625 0.01015625 0.00859375 0.0078125
0 0.88671875 0.02578125 0.0078125 0.00625
0 0.9 0.0328125 0.00859375 0.00703125
0 0.91328125 0.01328125 0.00703125 0.00703125
0 0.9015625 0.01484375 0.00625 0.0078125
0 0.94453125 0.03125 0.0078125 0.0078125
0 0.96171875 0.06328125 0.00859375 0.01015625
0 0.934375 0.05859375 0.0078125 0.00703125
0 0.8328125 0.0390625 0.00859375 0.0078125
0 0.84453125 0.05625 0.00859375 0.0078125
0 0.83125 0.0515625 0.0078125 0.00859375
0 0.81171875 0.0515625 0.00703125 0.00625
0 0.86875 0.05390625 0.00859375 0.00859375
0 0.89765625 0.05546875 0.00859375 0.00859375
0 0.93828125 0.084375 0.0109375 0.0078125
0 0.95625 0.0828125 0.00625 0.00625
0 0.9546875 0.09765625 0.0078125 0.0078125
0 0.95 0.09140625 0.0078125 0.0078125
0 0.94453125 0.09765625 0.00859375 0.01015625
0 0.915625 0.08671875 0.0109375 0.00859375
0 0.896875 0.071875 0.0078125 0.00625
0 0.88515625 0.06875 0.00859375 0.0078125
0 0.859375 0.06953125 0.009375 0.009375
0 0.86171875 0.09765625 0.00859375 0.00703125
0 0.8984375 0.11640625 0.0078125 0.0078125
0 0.89140625 0.109375 0.01171875 0.00859375
0 0.8953125 0.09765625 0.009375 0.00625
0 0.92421875 0.128125 0.0109375 0.009375
0 0.90859375 0.1296875 0.0109375 0.0078125
0 0.96953125 0.1359375 0.0078125 0.0078125
0 0.98359375 0.09140625 0.00703125 0.00703125
0 0.7859375 0.09765625 0.00859375 0.00859375
0 0.77109375 0.0921875 0.00859375 0.00703125
0 0.89140625 0.04453125 0.009375 0.00546875
0 0.90078125 0.040625 0.00703125 0.00625
0 0.875 0.03984375 0.00625 0.0078125
0 0.86640625 0.03203125 0.0046875 0.00625
0 0.75 0.06640625 0.0078125 0.00859375
0 0.72578125 0.07109375 0.0078125 0.009375
0 0.72578125 0.0484375 0.00703125 0.00859375
0 0.73828125 0.0453125 0.009375 0.0078125
0 0.8171875 0.0390625 0.0078125 0.0078125
0 0.8296875 0.021875 0.00859375 0.00859375
0 0.8671875 0.1171875 0.0078125 0.00859375
0 0.734375 0.43125 0.02734375 0.02890625
0 0.809375 0.403125 0.01953125 0.015625
0 0.80625 0.375 0.01484375 0.01640625
0 0.82421875 0.38203125 0.009375 0.01171875
0 0.97421875 0.5 0.0265625 0.025
0 0.9890625 0.49375 0.0125 0.01328125
0 0.98125 0.44609375 0.01484375 0.01484375
0 0.9015625 0.44765625 0.0125 0.01484375
0 0.89921875 0.4078125 0.01484375 0.01875
0 0.9640625 0.39609375 0.01484375 0.01875
0 0.09453125 0.0703125 0.0078125 0.01015625
0 0.1484375 0.0171875 0.009375 0.0078125
0 0.13046875 0.0125 0.00703125 0.00625
0 0.24609375 0.02734375 0.01171875 0.009375
0 0.1359375 0.09921875 0.01171875 0.009375
0 0.1640625 0.09453125 0.009375 0.01171875
0 0.05625 0.171875 0.01640625 0.015625
0 0.053125 0.153125 0.0171875 0.01328125
0 0.0890625 0.1546875 0.009375 0.0109375
0 0.096875 0.15546875 0.00703125 0.00703125
0 0.08125 0.17890625 0.01171875 0.0140625
0 0.06171875 0.2015625 0.0140625 0.0109375
0 0.0359375 0.2234375 0.01875 0.01640625
0 0.05 0.2453125 0.0203125 0.0171875
0 0.14375 0.1609375 0.0140625 0.01015625
0 0.165625 0.165625 0.01171875 0.009375
0 0.20625 0.15234375 0.01171875 0.0140625
0 0.15859375 0.17734375 0.00703125 0.009375
0 0.1765625 0.1828125 0.0125 0.0109375
0 0.146875 0.19921875 0.01484375 0.0140625
0 0.134375 0.20625 0.01171875 0.0140625
0 0.09296875 0.2109375 0.00859375 0.01015625
0 0.14140625 0.24296875 0.0109375 0.0140625
0 0.2234375 0.16953125 0.01171875 0.0109375
0 0.21015625 0.16953125 0.00859375 0.00703125
0 0.20390625 0.17734375 0.00703125 0.00625
0 0.19765625 0.23046875 0.0125 0.01171875
0 0.2203125 0.22890625 0.00859375 0.0078125
0 0.12578125 0.26796875 0.0171875 0.015625
0 0.2546875 0.2359375 0.0109375 0.0125
0 0.22109375 0.26796875 0.01875 0.01328125
0 0.265625 0.2625 0.015625 0.01484375
0 0.28359375 0.2734375 0.01484375 0.01015625
0 0.29609375 0.26875 0.0125 0.01328125
0 0.2703125 0.17265625 0.0109375 0.00859375
0 0.2921875 0.2125 0.009375 0.01015625
0 0.26875 0.2125 0.00859375 0.00859375