0 0.02265625 0.1578125 0.02734375 0.06796875
0 0.090625 0.14765625 0.034375 0.078125
0 0.1296875 0.1375 0.0359375 0.078125
0 0.10703125 0.30703125 0.0734375 0.1734375
0 0.228125 0.23984375 0.0515625 0.1078125
0 0.334375 0.22578125 0.0515625 0.1265625
0 0.4625 0.14765625 0.0421875 0.10234375
0 0.5015625 0.375 0.10625 0.2328125
0 0.434375 0.0921875 0.0234375 0.0640625
0 0.40625 0.11796875 0.0234375 0.059375
0 0.7859375 0.503125 0.1265625 0.29375
0 0.628125 0.1578125 0.053125 0.1234375
0 0.5796875 0.05546875 0.028125 0.05703125
0 0.728125 0.10390625 0.03203125 0.0765625
0 0.771875 0.16484375 0.05 0.11484375
0 0.8734375 0.0625 0.0328125 0.08125
0 0.9203125 0.1078125 0.040625 0.0921875
0 0.9484375 0.1703125 0.0484375 0.1125
0 0.17265625 0.19765625 0.05078125 0.1125
0 0.46953125 0.065625 0.028125 0.0609375
0 0.5015625 0.10625 0.0296875 0.046875
0 0.58203125 0.1265625 0.0296875 0.078125
0 0.51484375 0.2 0.0484375 0.1265625
0 0.8 0.0640625 0.0265625 0.0625
0 0.6625 0.0796875 0.025 0.0625
0 0.7265625 0.0484375 0.03515625 0.05390625
0 0.978125 0.0921875 0.0328125 0.059375