0 0.3171875 0.459375 0.0625 0.08203125
0 0.36484375 0.35390625 0.05546875 0.07421875
0 0.46796875 0.2265625 0.03203125 0.0453125
0 0.390625 0.23671875 0.0328125 0.05078125
0 0.4390625 0.2265625 0.021875 0.04140625
0 0.3546875 0.2359375 0.0203125 0.040625
0 0.5421875 0.209375 0.02421875 0.04140625
0 0.71796875 0.20078125 0.02734375 0.0453125
0 0.7796875 0.19140625 0.03203125 0.04921875
0 0.8125 0.19296875 0.0234375 0.04140625
0 0.60625 0.2796875 0.02421875 0.04296875
0 0.2953125 0.06796875 0.0421875 0.0640625
0 0.64921875 0.2125 0.01953125 0.04296875
0 0.625 0.22109375 0.0234375 0.046875
0 0.5609375 0.23828125 0.025 0.05859375