0 0.92890625 0.69921875 0.0234375 0.040625
0 0.875 0.66171875 0.01953125 0.03046875
0 0.834375 0.6796875 0.0203125 0.03671875
0 0.790625 0.675 0.0171875 0.03828125
0 0.7625 0.64765625 0.01953125 0.03203125
0 0.7046875 0.61640625 0.01953125 0.03828125
0 0.665625 0.64609375 0.01875 0.03359375
0 0.61875 0.628125 0.0171875 0.03515625
0 0.56953125 0.64921875 0.015625 0.03203125
0 0.53984375 0.6296875 0.0171875 0.03203125
0 0.5296875 0.690625 0.015625 0.03046875
0 0.49375 0.69921875 0.0171875 0.03203125
0 0.4859375 0.6328125 0.015625 0.03046875
0 0.4703125 0.71484375 0.01640625 0.02890625
0 0.45234375 0.70390625 0.0140625 0.02109375
0 0.43125 0.66171875 0.01640625 0.02265625
0 0.425 0.70546875 0.0109375 0.02265625
0 0.39765625 0.6953125 0.0140625 0.02109375
0 0.38671875 0.69375 0.0140625 0.02578125
0 0.3609375 0.69921875 0.0171875 0.02890625
0 0.33984375 0.73125 0.0171875 0.02890625
0 0.31015625 0.72265625 0.01484375 0.02890625
0 0.284375 0.72109375 0.01640625 0.02890625
0 0.25078125 0.71484375 0.01640625 0.02890625
0 0.2703125 0.60390625 0.01640625 0.03046875