0 0.90390625 0.21640625 0.0828125 0.13359375
0 0.6734375 0.37890625 0.10625 0.19609375
0 0.58125 0.23828125 0.08515625 0.14765625
0 0.31875 0.253125 0.075 0.13203125
0 0.2125 0.325 0.1015625 0.1640625
0 0.0640625 0.26328125 0.0734375 0.1140625
0 0.94921875 0.05234375 0.0640625 0.096875
0 0.8484375 0.08046875 0.08203125 0.12578125
0 0.721875 0.03984375 0.0609375 0.07890625
0 0.7671875 0.04375 0.0515625 0.08203125
0 0.07890625 0.02734375 0.03515625 0.05390625
0 0.034375 0.1375 0.05859375 0.0921875
0 0.121875 0.0484375 0.05859375 0.0875
0 0.1796875 0.0734375 0.05078125 0.07734375
0 0.21875 0.0734375 0.04296875 0.06875
0 0.2859375 0.08671875 0.07109375 0.115625
0 0.34609375 0.08046875 0.05390625 0.08671875
0 0.4203125 0.03984375 0.0453125 0.065625
0 0.52421875 0.04296875 0.0734375 0.0859375
0 0.571875 0.0453125 0.04296875 0.090625
0 0.65625 0.03046875 0.0375 0.0609375
0 0.490625 0.065625 0.034375 0.05859375