0 0.1359375 0.30859375 0.06171875 0.0859375
0 0.240625 0.290625 0.04609375 0.07265625
0 0.07734375 0.4515625 0.0578125 0.0765625
0 0.0828125 0.79140625 0.0703125 0.0953125
0 0.28984375 0.665625 0.0625 0.10390625
0 0.4046875 0.67734375 0.0703125 0.0875
0 0.240625 0.38828125 0.06640625 0.09765625
0 0.33515625 0.47421875 0.05390625 0.0921875
0 0.39140625 0.39609375 0.05 0.0703125
0 0.390625 0.296875 0.05078125 0.06484375
0 0.42265625 0.18515625 0.0515625 0.06875
0 0.521875 0.34375 0.065625 0.10546875
0 0.57734375 0.5171875 0.0546875 0.0796875
0 0.64921875 0.2671875 0.05078125 0.09921875
0 0.91328125 0.32578125 0.0640625 0.08984375
0 0.89921875 0.165625 0.03984375 0.08203125
0 0.7640625 0.70859375 0.0671875 0.09921875
0 0.7484375 0.43984375 0.065625 0.11328125
0 0.67109375 0.3984375 0.05625 0.09765625
0 0.5203125 0.22421875 0.0453125 0.08203125
0 0.5015625 0.6640625 0.0578125 0.08984375