0 0.2390625 0.36796875 0.034375 0.08671875
0 0.26875 0.36328125 0.02421875 0.05625
0 0.28984375 0.36484375 0.0171875 0.03984375
0 0.3828125 0.35859375 0.0234375 0.06796875
0 0.4421875 0.43359375 0.02265625 0.0796875
0 0.5171875 0.296875 0.0125 0.03125
0 0.49375 0.31484375 0.00703125 0.01171875
0 0.48515625 0.3046875 0.00625 0.01171875
0 0.53125 0.29140625 0.00625 0.01171875
0 0.5484375 0.3046875 0.00625 0.01015625
0 0.55625 0.29375 0.0046875 0.01015625
0 0.5640625 0.2953125 0.00625 0.01171875
0 0.703125 0.2953125 0.0078125 0.01484375
0 0.72109375 0.28984375 0.00859375 0.01640625
0 0.74140625 0.29140625 0.0046875 0.01015625
0 0.753125 0.29140625 0.00703125 0.01328125
0 0.76875 0.2734375 0.00625 0.01015625
0 0.796875 0.321875 0.00625 0.01015625
0 0.7453125 0.328125 0.0078125 0.01875
0 0.16328125 0.36640625 0.0140625 0.03125