0 0.4546875 0.440625 0.0171875 0.03359375
0 0.5046875 0.421875 0.0109375 0.01875
0 0.5515625 0.4171875 0.0140625 0.0234375
0 0.5734375 0.50703125 0.021875 0.0421875
0 0.52421875 0.56484375 0.0234375 0.04375
0 0.48203125 0.55234375 0.02265625 0.04609375
0 0.4625 0.496875 0.01953125 0.0375
0 0.4234375 0.53359375 0.02265625 0.04375
0 0.6546875 0.55390625 0.02265625 0.04609375
0 0.6234375 0.525 0.02265625 0.0359375
0 0.5203125 0.4765625 0.015625 0.03046875
0 0.5875 0.43203125 0.01171875 0.025
0 0.4796875 0.4453125 0.0140625 0.03046875
0 0.51796875 0.40859375 0.0109375 0.01875