0 0.05 0.3265625 0.01953125 0.0375
0 0.1265625 0.43125 0.015625 0.03359375
0 0.15 0.38515625 0.0140625 0.0265625
0 0.18828125 0.42578125 0.0140625 0.0359375
0 0.2 0.4203125 0.0203125 0.03203125
0 0.24296875 0.459375 0.01953125 0.0359375
0 0.27734375 0.4609375 0.0078125 0.0296875
0 0.3359375 0.44140625 0.01953125 0.0421875
0 0.37578125 0.43984375 0.0203125 0.0359375
0 0.4078125 0.34765625 0.0171875 0.0359375
0 0.4171875 0.32578125 0.01640625 0.0359375
0 0.46796875 0.28515625 0.028125 0.05859375
0 0.490625 0.32578125 0.0203125 0.03359375
0 0.5328125 0.30703125 0.0171875 0.0375
0 0.5328125 0.3421875 0.0203125 0.0359375
0 0.5484375 0.33203125 0.02421875 0.053125
0 0.5828125 0.33359375 0.02734375 0.0390625
0 0.65 0.33359375 0.028125 0.04453125
0 0.68828125 0.36171875 0.0265625 0.04453125
0 0.690625 0.3140625 0.02421875 0.0390625
0 0.859375 0.45546875 0.021875 0.03515625
0 0.87890625 0.4578125 0.01953125 0.0421875
0 0.9078125 0.32578125 0.02734375 0.053125
0 0.99765625 0.35546875 0.0046875 0.0421875