0 0.08125 0.165625 0.07421875 0.21953125
0 0.23515625 0.3390625 0.028125 0.06328125
0 0.2671875 0.3109375 0.0328125 0.1078125
0 0.31171875 0.34609375 0.04296875 0.1421875
0 0.36796875 0.36953125 0.01640625 0.05390625
0 0.4234375 0.3296875 0.03046875 0.09140625
0 0.525 0.2921875 0.0390625 0.1125
0 0.6703125 0.4015625 0.01640625 0.05625
0 0.7234375 0.3671875 0.02421875 0.05625
0 0.759375 0.28984375 0.040625 0.12578125
0 0.8390625 0.315625 0.028125 0.0703125
0 0.87421875 0.38515625 0.034375 0.10078125
0 0.96875 0.221875 0.0625 0.19609375
0 0.29609375 0.78515625 0.046875 0.075
0 0.3578125 0.778125 0.04609375 0.07265625
0 0.48671875 0.84375 0.03828125 0.0515625
0 0.5828125 0.878125 0.04375 0.06328125
0 0.6796875 0.80859375 0.046875 0.0796875
0 0.77421875 0.83203125 0.0578125 0.08671875
0 0.5921875 0.32734375 0.03046875 0.06796875