0 0.01875 0.23125 0.0359375 0.06484375
0 0.0515625 0.22421875 0.0234375 0.04140625
0 0.06640625 0.18515625 0.0375 0.05234375
0 0.2 0.24296875 0.03984375 0.0578125
0 0.14140625 0.2671875 0.034375 0.04375
0 0.09140625 0.3 0.04765625 0.040625
0 0.11484375 0.36171875 0.04765625 0.0609375
0 0.2546875 0.30390625 0.0421875 0.07578125
0 0.29765625 0.27578125 0.034375 0.05546875
0 0.2640625 0.215625 0.0359375 0.0515625
0 0.39921875 0.18984375 0.034375 0.04921875
0 0.43359375 0.1890625 0.03125 0.04296875
0 0.48125 0.2046875 0.02421875 0.05
0 0.51875 0.2390625 0.04375 0.06015625
0 0.49609375 0.33828125 0.0453125 0.0796875
0 0.39140625 0.2890625 0.04296875 0.05
0 0.37578125 0.35546875 0.04375 0.08125
0 0.61640625 0.1859375 0.04296875 0.0609375
0 0.67109375 0.26484375 0.046875 0.05234375
0 0.7953125 0.1421875 0.04296875 0.07109375
0 0.884375 0.19375 0.03828125 0.046875
0 0.89765625 0.17890625 0.0109375 0.0015625
0 0.75 0.290625 0.0390625 0.05234375
0 0.8140625 0.2796875 0.04609375 0.04921875
0 0.8765625 0.2734375 0.0421875 0.0734375
0 0.77421875 0.36640625 0.04609375 0.07265625
0 0.65703125 0.42265625 0.0453125 0.0296875
0 0.915625 0.153125 0.028125 0.0640625
0 0.33515625 0.2265625 0.0296875 0.04375
0 0.16484375 0.203125 0.0234375 0.0453125
0 0.98125 0.28671875 0.03125 0.05546875