0 0.8421875 0.153125 0.01484375 0.03125
0 0.8140625 0.14921875 0.00859375 0.02265625
0 0.8796875 0.1578125 0.0125 0.0171875
0 0.9 0.175 0.0125 0.02265625
0 0.85859375 0.28671875 0.04609375 0.084375
0 0.76484375 0.225 0.05 0.08671875
0 0.43125 0.21328125 0.0359375 0.059375
0 0.66875 0.08671875 0.009375 0.01328125
0 0.36875 0.18125 0.0171875 0.0171875
0 0.23671875 0.240625 0.04375 0.07734375
0 0.2765625 0.2375 0.03203125 0.06953125
0 0.32890625 0.23515625 0.021875 0.040625
0 0.3640625 0.24453125 0.0375 0.071875
0 0.4140625 0.2625 0.04296875 0.07734375
0 0.5328125 0.3046875 0.0375 0.05703125
0 0.63359375 0.26328125 0.040625 0.07734375
0 0.409375 0.14296875 0.0125 0.0234375
0 0.4265625 0.1640625 0.0140625 0.02734375
0 0.465625 0.17109375 0.00859375 0.01640625
0 0.5671875 0.17265625 0.01484375 0.02578125
0 0.53984375 0.16640625 0.021875 0.02890625
0 0.0546875 0.14765625 0.0078125 0.02109375
0 0.1078125 0.2078125 0.01953125 0.02109375
0 0.18671875 0.1765625 0.0140625 0.02734375
0 0.2171875 0.1375 0.01484375 0.02578125
0 0.28984375 0.13671875 0.01484375 0.0234375
0 0.32578125 0.1390625 0.01640625 0.0234375
0 0.16953125 0.2625 0.03984375 0.0609375
0 0.5921875 0.16015625 0.00703125 0.0125
0 0.77734375 0.1625 0.0140625 0.01953125
0 0.65625 0.17421875 0.01171875 0.0234375
0 0.6859375 0.20390625 0.01875 0.0359375
0 0.7078125 0.18046875 0.0140625 0.01875
0 0.48359375 0.309375 0.03203125 0.04453125