0 0.584375 0.44375 0.01640625 0.025
0 0.5984375 0.36953125 0.0171875 0.02890625
0 0.646875 0.36953125 0.0171875 0.02578125
0 0.234375 0.1625 0.01171875 0.01953125
0 0.21796875 0.1328125 0.009375 0.01796875
0 0.18984375 0.1875 0.0109375 0.02109375
0 0.17265625 0.171875 0.0109375 0.01796875
0 0.12265625 0.18984375 0.0109375 0.0171875
0 0.08984375 0.1578125 0.01171875 0.01953125
0 0.0734375 0.14296875 0.0109375 0.0171875
0 0.015625 0.1890625 0.009375 0.01953125
0 0.02421875 0.1421875 0.009375 0.01953125
0 0.021875 0.0171875 0.00859375 0.0171875
0 0.03203125 0.04140625 0.009375 0.01796875
0 0.06953125 0.0234375 0.009375 0.01796875
0 0.09921875 0.00703125 0.00859375 0.0140625
0 0.12109375 0.02109375 0.009375 0.01953125
0 0.134375 0.040625 0.009375 0.021875
0 0.1734375 0.01796875 0.01171875 0.01796875
0 0.18515625 0.05078125 0.0109375 0.01953125
0 0.43671875 0.18984375 0.0109375 0.01953125
0 0.5328125 0.18359375 0.009375 0.01953125
0 0.4203125 0.1546875 0.0125 0.025
0 0.4890625 0.178125 0.01171875 0.01953125
0 0.47890625 0.16640625 0.0109375 0.0171875
0 0.47578125 0.13046875 0.0109375 0.01953125
0 0.54453125 0.21484375 0.0109375 0.01796875
0 0.59921875 0.2109375 0.00859375 0.01953125
0 0.58515625 0.17734375 0.01171875 0.01953125
0 0.6015625 0.13125 0.01171875 0.01796875
0 0.66484375 0.209375 0.0109375 0.02109375
0 0.65 0.18203125 0.009375 0.0171875
0 0.665625 0.16171875 0.0109375 0.01953125
0 0.6671875 0.140625 0.009375 0.01953125
0 0.51796875 0.12265625 0.0125 0.01796875
0 0.7875 0.2046875 0.0109375 0.01953125
0 0.84453125 0.20703125 0.0109375 0.01796875
0 0.921875 0.20703125 0.01171875 0.0140625
0 0.73046875 0.18515625 0.01171875 0.021875
0 0.825 0.1625 0.0109375 0.01796875
0 0.8796875 0.1625 0.009375 0.0171875
0 0.94453125 0.1625 0.009375 0.01953125
0 0.7703125 0.134375 0.0109375 0.0171875
0 0.728125 0.1171875 0.01171875 0.01953125
0 0.84296875 0.12734375 0.00859375 0.0171875
0 0.89140625 0.134375 0.0109375 0.01953125
0 0.95546875 0.140625 0.0109375 0.01953125
0 0.35625 0.0484375 0.00859375 0.015625
0 0.403125 0.0453125 0.009375 0.0171875
0 0.390625 0.02109375 0.01171875 0.01953125
0 0.3421875 0.0140625 0.009375 0.0140625
0 0.434375 0.05703125 0.01171875 0.01796875
0 0.44609375 0.0234375 0.009375 0.01953125
0 0.5 0.0453125 0.009375 0.01953125
0 0.55390625 0.046875 0.009375 0.01796875
0 0.5890625 0.05078125 0.0109375 0.02109375
0 0.54375 0.0171875 0.0109375 0.01796875
0 0.6046875 0.0484375 0.01171875 0.01796875
0 0.67265625 0.0375 0.0109375 0.01953125
0 0.6546875 0.0140625 0.009375 0.015625
0 0.746875 0.03515625 0.0109375 0.01796875
0 0.72421875 0.02109375 0.0109375 0.01796875
0 0.784375 0.04140625 0.00859375 0.02109375
0 0.7859375 0.015625 0.009375 0.01796875
0 0.840625 0.02734375 0.0109375 0.01796875
0 0.9796875 0.08359375 0.009375 0.0171875
0 0.87890625 0.046875 0.009375 0.01796875
0 0.89375 0.0171875 0.009375 0.02109375
0 0.9375 0.04453125 0.009375 0.01953125