0 0.6703125 0.3109375 0.0109375 0.0140625
0 0.73359375 0.50625 0.0140625 0.0234375
0 0.8375 0.55234375 0.015625 0.02109375
0 0.89375 0.475 0.015625 0.02890625
0 0.9078125 0.51015625 0.0234375 0.04140625
0 0.95625 0.54453125 0.021875 0.03515625
0 0.98828125 0.5546875 0.0140625 0.02578125
0 0.78828125 0.5640625 0.0140625 0.02109375
0 0.6140625 0.5234375 0.015625 0.02890625
0 0.45234375 0.46875 0.021875 0.0296875
0 0.525 0.4203125 0.0171875 0.0328125
0 0.2328125 0.58046875 0.02265625 0.046875
0 0.70546875 0.55078125 0.0109375 0.01796875