0 0.05625 0.31796875 0.02265625 0.07109375
0 0.0796875 0.4296875 0.0328125 0.05390625
0 0.1359375 0.44140625 0.0359375 0.06796875
0 0.06328125 0.59296875 0.0390625 0.07109375
0 0.35625 0.18984375 0.05546875 0.11171875
0 0.3625 0.490625 0.0390625 0.0765625
0 0.328125 0.6109375 0.03125 0.06640625
0 0.6890625 0.14140625 0.05078125 0.10625
0 0.81796875 0.48828125 0.03984375 0.07890625
0 0.9109375 0.4453125 0.0453125 0.09609375
0 0.9875 0.48515625 0.02265625 0.0890625
0 0.8328125 0.33671875 0.0265625 0.05625
0 0.45 0.23046875 0.0265625 0.05234375
0 0.57109375 0.2390625 0.028125 0.04921875
0 0.509375 0.5046875 0.03828125 0.0578125
0 0.82265625 0.1671875 0.03203125 0.05234375
0 0.12265625 0.18515625 0.02265625 0.03359375
0 0.01171875 0.47109375 0.0234375 0.04921875
0 0.5140625 0.09296875 0.0265625 0.046875
0 0.5875 0.103125 0.0265625 0.05625
0 0.275 0.146875 0.02265625 0.0453125
0 0.18671875 0.18984375 0.02734375 0.03828125
0 0.90625 0.32265625 0.0375 0.05234375
0 0.8609375 0.45703125 0.03046875 0.05625
0 0.47734375 0.346875 0.02421875 0.0453125
0 0.39921875 0.284375 0.03203125 0.05078125
0 0.00859375 0.3703125 0.0125 0.05625