0 0.053125 0.43203125 0.00703125 0.0171875
0 0.06875 0.47890625 0.00859375 0.0171875
0 0.1765625 0.35390625 0.01953125 0.0484375
0 0.01484375 0.4671875 0.0109375 0.02109375
0 0.05234375 0.390625 0.00703125 0.0171875
0 0.0875 0.4234375 0.00703125 0.015625
0 0.425 0.22734375 0.03125 0.07265625
0 0.50390625 0.27421875 0.03125 0.08125
0 0.88671875 0.33671875 0.01953125 0.0453125
0 0.60234375 0.4203125 0.0078125 0.02109375
0 0.81875 0.4671875 0.00859375 0.02265625
0 0.31640625 0.440625 0.00625 0.0140625
0 0.0203125 0.41328125 0.00625 0.015625
0 0.18125 0.4390625 0.00625 0.015625
0 0.175 0.4859375 0.00625 0.015625
0 0.07578125 0.33828125 0.0046875 0.01015625
0 0.02421875 0.3609375 0.00390625 0.01015625
0 0.0734375 0.32109375 0.00390625 0.00859375
0 0.02421875 0.325 0.0046875 0.01015625
0 0.0984375 0.36953125 0.0046875 0.01015625
0 0.353125 0.47734375 0.0046875 0.0125
0 0.28515625 0.39375 0.00390625 0.00859375
0 0.3296875 0.3765625 0.003125 0.00859375
0 0.2953125 0.35625 0.00390625 0.00859375
0 0.2734375 0.375 0.00390625 0.00859375
0 0.27265625 0.34921875 0.00390625 0.00859375
0 0.72890625 0.47578125 0.00703125 0.015625
0 0.74609375 0.4234375 0.00625 0.015625
0 0.11796875 0.47421875 0.00703125 0.0140625
0 0.70078125 0.46875 0.00703125 0.0171875
0 0.0875 0.4703125 0.00703125 0.015625
0 0.653125 0.46328125 0.0078125 0.01875
0 0.12734375 0.4828125 0.00703125 0.0171875
0 0.15078125 0.47421875 0.0046875 0.0125
0 0.11015625 0.421875 0.00625 0.0140625
0 0.0796875 0.41484375 0.0046875 0.01015625
0 0.13671875 0.41640625 0.00390625 0.00859375
0 0.021875 0.371875 0.00703125 0.0140625
0 0.0796875 0.40078125 0.0046875 0.0125
0 0.0765625 0.36953125 0.0046875 0.0125
0 0.109375 0.3765625 0.00625 0.0125
0 0.13359375 0.4046875 0.00625 0.0125
0 0.153125 0.4046875 0.00703125 0.0140625
0 0.1609375 0.421875 0.0046875 0.0125
0 0.146875 0.45625 0.00625 0.0125
0 0.1125 0.44453125 0.00625 0.0125
0 0.17265625 0.4203125 0.00625 0.0125
0 0.1828125 0.41484375 0.00703125 0.015625
0 0.1625 0.378125 0.0046875 0.01015625
0 0.15078125 0.35078125 0.0046875 0.01015625
0 0.1265625 0.35234375 0.0046875 0.01015625
0 0.05 0.33515625 0.0046875 0.0140625
0 0.11640625 0.34921875 0.00390625 0.01015625
0 0.28515625 0.47421875 0.00625 0.0140625
0 0.334375 0.4703125 0.00625 0.0140625
0 0.3109375 0.39765625 0.00390625 0.0125
0 0.259375 0.3609375 0.0046875 0.00859375
0 0.296875 0.3765625 0.00390625 0.01015625
0 0.32734375 0.35234375 0.00390625 0.01015625
0 0.26328125 0.40078125 0.0046875 0.01015625
0 0.9625 0.403125 0.0125 0.028125
0 0.909375 0.325 0.00625 0.0140625
0 0.9328125 0.33671875 0.00625 0.0125
0 0.978125 0.296875 0.00625 0.0125
0 0.98828125 0.2984375 0.00625 0.0140625
0 0.82578125 0.39765625 0.00703125 0.0140625
0 0.8234375 0.3421875 0.00703125 0.0125
0 0.94921875 0.390625 0.0078125 0.01875
0 0.99765625 0.3765625 0.0046875 0.0140625
0 0.715625 0.41875 0.0046875 0.00859375
0 0.6625 0.425 0.00703125 0.0171875
0 0.6546875 0.4046875 0.00625 0.00859375
0 0.7 0.41484375 0.00625 0.0140625
0 0.7078125 0.421875 0.00625 0.0140625
0 0.9671875 0.2984375 0.00625 0.015625
0 0.9390625 0.30390625 0.00625 0.0125
0 0.934375 0.25859375 0.00625 0.0125
0 0.9109375 0.28125 0.00625 0.0125
0 0.846875 0.32265625 0.0046875 0.00859375
0 0.88125 0.2640625 0.00625 0.01015625