0 0.89140625 0.075 0.04375 0.04296875
0 0.815625 0.08046875 0.05 0.04140625
0 0.53125 0.1265625 0.1015625 0.09375
0 0.3921875 0.0359375 0.0390625 0.0390625
0 0.30546875 0.0296875 0.0390625 0.0359375
0 0.184375 0.02265625 0.04375 0.04375
0 0.275 0.13046875 0.04609375 0.05
0 0.371875 0.1046875 0.04296875 0.04296875
0 0.18046875 0.20390625 0.03515625 0.0390625
0 0.08515625 0.1859375 0.04375 0.03984375
0 0.1078125 0.16484375 0.03515625 0.03828125
0 0.15 0.1359375 0.03046875 0.02890625
0 0.05 0.10703125 0.034375 0.03671875
0 0.025 0.146875 0.0421875 0.04140625
0 0.01484375 0.20546875 0.028125 0.0484375
0 0.021875 0.30546875 0.03984375 0.04453125
0 0.43515625 0.1734375 0.03203125 0.03515625
0 0.9015625 0.3140625 0.0375 0.0390625
0 0.6875 0.17734375 0.02734375 0.03203125
0 0.96328125 0.25078125 0.0265625 0.03125