0 0.2484375 0.1484375 0.0515625 0.09609375
0 0.365625 0.25 0.03203125 0.06328125
0 0.37421875 0.121875 0.034375 0.05859375
0 0.478125 0.271875 0.0453125 0.08125
0 0.546875 0.14765625 0.0640625 0.1328125
0 0.67421875 0.41484375 0.028125 0.06875
0 0.72265625 0.38203125 0.0375 0.07890625
0 0.703125 0.31484375 0.02734375 0.05546875
0 0.7765625 0.184375 0.0296875 0.05859375
0 0.84765625 0.31015625 0.02734375 0.06015625
0 0.946875 0.1 0.02421875 0.0515625
0 0.91640625 0.19140625 0.02265625 0.0484375
0 0.9546875 0.275 0.0296875 0.0640625
0 0.76640625 0.54765625 0.046875 0.08125
0 0.75859375 0.49765625 0.04375 0.0703125
0 0.86875 0.50390625 0.04375 0.07890625
0 0.8859375 0.56640625 0.040625 0.07734375
0 0.9359375 0.54765625 0.04296875 0.084375
0 0.98203125 0.52734375 0.0359375 0.0828125