0 0.878125 0.1078125 0.05390625 0.1140625
0 0.74453125 0.1296875 0.05546875 0.109375
0 0.6140625 0.096875 0.0578125 0.10625
0 0.4765625 0.171875 0.0546875 0.1078125
0 0.3890625 0.1421875 0.05625 0.115625
0 0.2890625 0.1296875 0.0546875 0.10625
0 0.12265625 0.1140625 0.0515625 0.1109375
0 0.11640625 0.484375 0.0578125 0.1078125
0 0.2265625 0.54375 0.0453125 0.1078125
0 0.396875 0.51875 0.0515625 0.0984375
0 0.5515625 0.5203125 0.05625 0.1078125
0 0.6640625 0.48125 0.053125 0.1
0 0.81875 0.49375 0.05 0.103125
0 0.92890625 0.49375 0.059375 0.11875