0 0.75390625 0.17109375 0.04296875 0.08671875
0 0.82734375 0.2375 0.03203125 0.0703125
0 0.5578125 0.2109375 0.03203125 0.06171875
0 0.51484375 0.2265625 0.0296875 0.05703125
0 0.42421875 0.278125 0.0203125 0.03984375
0 0.4390625 0.31171875 0.01953125 0.04375
0 0.38984375 0.2296875 0.01953125 0.03515625
0 0.38046875 0.26796875 0.01875 0.03359375
0 0.29140625 0.284375 0.028125 0.0453125
0 0.325 0.2609375 0.02265625 0.0421875
0 0.2671875 0.2375 0.0171875 0.03671875
0 0.24609375 0.28828125 0.01953125 0.046875
0 0.11015625 0.2578125 0.03046875 0.0515625
0 0.01171875 0.2796875 0.0234375 0.0640625
0 0.19140625 0.259375 0.0140625 0.03203125
0 0.15390625 0.04375 0.01640625 0.03984375
0 0.37890625 0.303125 0.0171875 0.03828125
0 0.075 0.31171875 0.0171875 0.03359375