0 0.17421875 0.025 0.01640625 0.02734375
0 0.325 0.109375 0.025 0.05390625
0 0.4203125 0.13828125 0.0125 0.025
0 0.5015625 0.19921875 0.0328125 0.0578125
0 0.53828125 0.28046875 0.034375 0.0609375
0 0.6078125 0.32265625 0.0453125 0.078125
0 0.6390625 0.0828125 0.028125 0.059375
0 0.7515625 0.0390625 0.015625 0.03671875
0 0.84296875 0.025 0.02265625 0.03671875
0 0.878125 0.11953125 0.0203125 0.046875
0 0.021875 0.109375 0.01484375 0.02734375
0 0.09609375 0.0421875 0.01484375 0.02734375
0 0.4046875 0.0203125 0.021875 0.025