0 0.19140625 0.284375 0.0171875 0.0390625
0 0.2546875 0.26640625 0.01875 0.03828125
0 0.325 0.2875 0.0171875 0.03828125
0 0.3859375 0.278125 0.021875 0.0421875
0 0.434375 0.2578125 0.01953125 0.040625
0 0.46484375 0.2828125 0.021875 0.04921875
0 0.42890625 0.3953125 0.053125 0.1078125
0 0.4875 0.27578125 0.01640625 0.03515625
0 0.5390625 0.25234375 0.02734375 0.05859375
0 0.59375 0.25546875 0.0171875 0.0453125
0 0.63125 0.26796875 0.0171875 0.0390625
0 0.6625 0.24765625 0.028125 0.04921875
0 0.73125 0.24765625 0.02265625 0.05078125
0 0.759375 0.2375 0.028125 0.05859375
0 0.7859375 0.27734375 0.0296875 0.0609375
0 0.821875 0.2421875 0.0265625 0.05078125
0 0.91171875 0.24453125 0.0359375 0.0859375
0 0.9609375 0.29453125 0.02734375 0.0609375
0 0.10625 0.259375 0.015625 0.040625
0 0.5046875 0.29765625 0.0171875 0.03046875
0 0.9703125 0.25546875 0.02421875 0.046875
0 0.5578125 0.25390625 0.015625 0.040625
0 0.09296875 0.265625 0.02421875 0.05859375
0 0.0359375 0.2796875 0.02421875 0.0484375