0 0.9234375 0.56953125 0.01484375 0.0296875
0 0.609375 0.2953125 0.03515625 0.06796875
0 0.40390625 0.59375 0.00703125 0.02109375
0 0.375 0.5796875 0.0078125 0.02578125
0 0.3 0.6390625 0.00625 0.015625
0 0.0203125 0.690625 0.00859375 0.01875
0 0.071875 0.67734375 0.00859375 0.0171875
0 0.053125 0.671875 0.00859375 0.0140625
0 0.04296875 0.63046875 0.0078125 0.0125
0 0.0453125 0.61640625 0.0078125 0.0140625
0 0.0953125 0.66875 0.00703125 0.0140625
0 0.1265625 0.68203125 0.0078125 0.0171875
0 0.17109375 0.67734375 0.0078125 0.01015625
0 0.1359375 0.67734375 0.00703125 0.0125
0 0.12734375 0.65078125 0.00703125 0.00859375
0 0.125 0.66640625 0.00625 0.0125
0 0.1578125 0.6546875 0.0046875 0.01015625
0 0.21015625 0.675 0.0046875 0.0125
0 0.1921875 0.64921875 0.00625 0.0125
0 0.21015625 0.63046875 0.0046875 0.01015625
0 0.2453125 0.6875 0.00625 0.0125
0 0.278125 0.66171875 0.0046875 0.0140625
0 0.265625 0.6375 0.00625 0.0125
0 0.23125 0.61484375 0.0046875 0.0125
0 0.0828125 0.609375 0.00703125 0.0140625