0 0.99375 0.5 0.0109375 0.01640625
0 0.2125 0.35546875 0.01484375 0.03359375
0 0.0578125 0.5046875 0.00859375 0.0125
0 0.11640625 0.5109375 0.009375 0.0109375
0 0.153125 0.50625 0.00859375 0.01484375
0 0.3 0.50625 0.00859375 0.0109375
0 0.4578125 0.49765625 0.01484375 0.01953125
0 0.4984375 0.48359375 0.0109375 0.01328125
0 0.35390625 0.5015625 0.00703125 0.0125
0 0.425 0.50390625 0.00703125 0.0125
0 0.5296875 0.5046875 0.0078125 0.0125
0 0.5765625 0.48515625 0.01484375 0.02109375
0 0.7234375 0.5 0.0078125 0.01015625
0 0.7609375 0.5046875 0.0078125 0.0109375
0 0.76640625 0.4875 0.00859375 0.0109375
0 0.6984375 0.5 0.00859375 0.0125
0 0.95390625 0.4890625 0.01171875 0.021875
0 0.55078125 0.50234375 0.0140625 0.02109375
0 0.60703125 0.53203125 0.00859375 0.01328125
0 0.24921875 0.50390625 0.00390625 0.00859375
0 0.13671875 0.52109375 0.009375 0.01484375
0 0.33984375 0.4953125 0.0078125 0.01015625
0 0.2875 0.54296875 0.00859375 0.01328125
0 0.3828125 0.53671875 0.00625 0.01015625