0 0.51015625 0.4046875 0.034375 0.1
0 0.06328125 0.9171875 0.00625 0.0171875
0 0.03046875 0.9390625 0.00703125 0.0203125
0 0.0171875 0.921875 0.00390625 0.0140625
0 0.02109375 0.965625 0.00703125 0.021875
0 0.08671875 0.9765625 0.0078125 0.0234375
0 0.090625 0.9125 0.00625 0.0203125
0 0.13671875 0.928125 0.00625 0.01875
0 0.15703125 0.9296875 0.00625 0.0171875
0 0.1546875 0.9828125 0.0109375 0.021875
0 0.221875 0.9640625 0.0078125 0.021875
0 0.1828125 0.9375 0.0046875 0.0140625
0 0.13828125 0.896875 0.0046875 0.015625
0 0.11328125 0.903125 0.00625 0.01875
0 0.10234375 0.9 0.0046875 0.0140625
0 0.11171875 0.875 0.0046875 0.0125
0 0.2609375 0.946875 0.00625 0.0171875
0 0.2546875 0.9875 0.009375 0.021875
0 0.31875 0.9703125 0.00859375 0.0265625
0 0.284375 0.95625 0.00703125 0.01875
0 0.31015625 0.9390625 0.0046875 0.015625
0 0.025 0.8875 0.00703125 0.021875
0 0.05546875 0.8953125 0.00625 0.015625
0 0.0671875 0.8828125 0.00625 0.0171875
0 0.3453125 0.9546875 0.00625 0.0171875
0 0.3390625 0.890625 0.00703125 0.01875
0 0.3078125 0.903125 0.00859375 0.01875
0 0.2984375 0.8828125 0.00625 0.01875
0 0.23203125 0.875 0.0046875 0.0171875
0 0.234375 0.9765625 0.00625 0.01875
0 0.2015625 0.896875 0.00625 0.015625
0 0.20546875 0.8765625 0.0046875 0.015625
0 0.4078125 0.96875 0.00625 0.01875
0 0.49453125 0.9234375 0.00703125 0.021875
0 0.53828125 0.965625 0.00703125 0.0171875
0 0.5359375 0.990625 0.0078125 0.0140625
0 0.55859375 0.98125 0.009375 0.0328125
0 0.6171875 0.9375 0.0140625 0.0421875
0 0.45546875 0.8890625 0.0046875 0.0125
0 0.46328125 0.91875 0.00703125 0.025
0 0.6671875 0.9421875 0.00625 0.0171875
0 0.67265625 0.98125 0.00703125 0.0203125
0 0.6921875 0.9890625 0.01171875 0.0140625
0 0.14765625 0.9046875 0.00625 0.0171875