0 0.86015625 0.1015625 0.021875 0.0453125
0 0.96484375 0.32265625 0.0703125 0.1515625
0 0.9125 0.29140625 0.059375 0.1203125
0 0.71171875 0.35546875 0.07109375 0.11640625
0 0.80625 0.27734375 0.03828125 0.06015625
0 0.61015625 0.34609375 0.0671875 0.11640625
0 0.49609375 0.35625 0.0625 0.10703125
0 0.31875 0.37421875 0.06328125 0.1078125
0 0.15078125 0.4390625 0.05546875 0.0921875
0 0.06015625 0.37109375 0.0578125 0.08671875
0 0.11796875 0.303125 0.0421875 0.071875
0 0.2 0.309375 0.03125 0.04375
0 0.25078125 0.3578125 0.03046875 0.053125
0 0.72421875 0.14921875 0.03828125 0.04296875
0 0.65625 0.16953125 0.0328125 0.05234375
0 0.5921875 0.1265625 0.0265625 0.046875
0 0.49609375 0.23515625 0.0328125 0.05234375
0 0.5234375 0.14453125 0.025 0.04296875
0 0.44375 0.17109375 0.028125 0.04921875
0 0.4 0.21875 0.02421875 0.04140625
0 0.41484375 0.17109375 0.021875 0.03984375
0 0.465625 0.10546875 0.0203125 0.0375
0 0.53515625 0.0453125 0.0234375 0.03984375
0 0.39140625 0.1125 0.0234375 0.03984375
0 0.34609375 0.22578125 0.028125 0.04140625
0 0.24296875 0.28046875 0.0296875 0.0453125
0 0.278125 0.190625 0.0265625 0.04140625
0 0.2515625 0.24296875 0.025 0.04140625
0 0.1578125 0.20859375 0.02734375 0.03984375
0 0.2234375 0.15859375 0.0234375 0.046875
0 0.146875 0.1671875 0.0234375 0.03984375
0 0.10625 0.19609375 0.02421875 0.0453125
0 0.18828125 0.11875 0.02421875 0.0453125
0 0.04375 0.22265625 0.0296875 0.0453125
0 0.41484375 0.034375 0.01953125 0.025
0 0.45 0.02109375 0.025 0.0421875
0 0.621875 0.0296875 0.02421875 0.03359375
0 0.21171875 0.028125 0.0171875 0.0296875
0 0.1625 0.0203125 0.0171875 0.03359375
0 0.26875 0.02421875 0.01640625 0.03203125
0 0.3 0.0125 0.02265625 0.025
0 0.10078125 0.075 0.021875 0.0375
0 0.0328125 0.1203125 0.0203125 0.0375
0 0.0546875 0.071875 0.01953125 0.03203125
0 0.5671875 0.29140625 0.03125 0.0546875
0 0.303125 0.146875 0.02734375 0.04140625
0 0.0640625 0.2765625 0.021875 0.0359375
0 0.0203125 0.43671875 0.040625 0.09453125
0 0.3375 0.01328125 0.01953125 0.0265625