0 0.4109375 0.3109375 0.02265625 0.04296875
0 0.28125 0.2578125 0.0234375 0.0421875
0 0.58984375 0.2109375 0.03125 0.06171875
0 0.778125 0.4953125 0.0390625 0.0546875
0 0.940625 0.40546875 0.028125 0.05546875
0 0.2265625 0.425 0.0375 0.07109375
0 0.95 0.15078125 0.00625 0.0109375
0 0.9234375 0.15234375 0.00625 0.0109375
0 0.9421875 0.15234375 0.0046875 0.0109375
0 0.903125 0.140625 0.00625 0.0109375
0 0.91796875 0.140625 0.00625 0.0109375
0 0.87265625 0.13984375 0.0046875 0.0109375
0 0.8609375 0.13984375 0.0046875 0.0109375
0 0.97734375 0.1546875 0.0078125 0.0140625