0 0.4515625 0.2703125 0.05 0.07734375
0 0.3015625 0.34453125 0.04765625 0.06796875
0 0.98359375 0.0484375 0.0328125 0.09453125
0 0.7921875 0.509375 0.0203125 0.03359375
0 0.76328125 0.509375 0.02265625 0.03125
0 0.6984375 0.3921875 0.021875 0.0359375
0 0.64375 0.50625 0.01875 0.02890625
0 0.5984375 0.51171875 0.015625 0.025
0 0.56171875 0.51484375 0.0171875 0.0265625
0 0.62578125 0.4671875 0.0125 0.01953125
0 0.7765625 0.4734375 0.015625 0.02421875
0 0.7734375 0.409375 0.0140625 0.025
0 0.72890625 0.40703125 0.0125 0.0203125
0 0.63984375 0.3984375 0.015625 0.021875
0 0.74375 0.34453125 0.0125 0.021875
0 0.7890625 0.3390625 0.009375 0.015625
0 0.72890625 0.33671875 0.0109375 0.0171875
0 0.72421875 0.3765625 0.01484375 0.0203125
0 0.575 0.5015625 0.0109375 0.0171875
0 0.61171875 0.49375 0.0125 0.01953125
0 0.38515625 0.5203125 0.01484375 0.025
0 0.3796875 0.4984375 0.015625 0.01953125
0 0.115625 0.45859375 0.01484375 0.02265625
0 0.0375 0.4640625 0.0125 0.021875
0 0.05625 0.45546875 0.0125 0.021875
0 0.0796875 0.4953125 0.009375 0.0171875
0 0.1109375 0.37109375 0.0125 0.021875
0 0.09296875 0.3921875 0.01484375 0.0203125
0 0.01640625 0.36015625 0.0140625 0.021875
0 0.0359375 0.35625 0.009375 0.0171875
0 0.04765625 0.325 0.0109375 0.01328125
0 0.15546875 0.378125 0.0109375 0.01953125
0 0.2078125 0.3671875 0.01171875 0.021875
0 0.2125 0.4984375 0.01484375 0.02265625
0 0.01875 0.4796875 0.01640625 0.0203125
0 0.053125 0.2765625 0.0140625 0.0203125
0 0.034375 0.259375 0.0125 0.01953125
0 0.08125 0.259375 0.009375 0.01953125
0 0.10625 0.28046875 0.00859375 0.015625
0 0.11796875 0.265625 0.0125 0.01953125
0 0.1453125 0.2875 0.0125 0.01953125
0 0.1734375 0.28359375 0.01171875 0.015625
0 0.1859375 0.31015625 0.0109375 0.0171875
0 0.17265625 0.33671875 0.01171875 0.01953125
0 0.14140625 0.33203125 0.01171875 0.0203125
0 0.20546875 0.325 0.00859375 0.01328125
0 0.240625 0.30078125 0.01171875 0.01953125
0 0.25078125 0.28359375 0.00859375 0.0171875
0 0.2484375 0.23515625 0.009375 0.0171875
0 0.196875 0.23046875 0.009375 0.0171875
0 0.15703125 0.2546875 0.0125 0.01953125
0 0.29296875 0.24375 0.01171875 0.01953125
0 0.340625 0.27890625 0.0125 0.021875
0 0.09140625 0.225 0.0125 0.0171875
0 0.053125 0.221875 0.0125 0.01796875
0 0.0421875 0.3984375 0.0140625 0.021875
0 0.10625 0.190625 0.009375 0.0171875
0 0.1171875 0.2078125 0.009375 0.015625
0 0.159375 0.21171875 0.0109375 0.01328125
0 0.19375 0.19921875 0.0109375 0.01796875
0 0.2203125 0.1875 0.0109375 0.01796875
0 0.2515625 0.2125 0.0109375 0.0171875
0 0.259375 0.18125 0.0109375 0.01953125
0 0.23984375 0.1546875 0.0125 0.01796875
0 0.2359375 0.134375 0.0125 0.0171875
0 0.2375 0.10859375 0.0125 0.015625
0 0.20234375 0.1234375 0.0125 0.01484375
0 0.19375 0.1546875 0.0125 0.0171875
0 0.1546875 0.1390625 0.009375 0.015625
0 0.16875 0.128125 0.0125 0.0171875
0 0.12578125 0.13671875 0.01171875 0.015625
0 0.11171875 0.16171875 0.0125 0.0171875
0 0.1328125 0.0953125 0.01171875 0.015625
0 0.04375 0.2015625 0.01171875 0.0171875
0 0.06640625 0.171875 0.009375 0.0171875
0 0.03828125 0.17421875 0.0109375 0.015625
0 0.034375 0.15 0.01171875 0.015625
0 0.0484375 0.121875 0.0109375 0.01796875
0 0.05546875 0.09453125 0.009375 0.0171875
0 0.09296875 0.09921875 0.0125 0.01953125
0 0.103125 0.0484375 0.0109375 0.015625
0 0.0609375 0.0578125 0.0109375 0.0171875
0 0.01015625 0.1078125 0.0109375 0.0171875
0 0.01875 0.08359375 0.0109375 0.0171875
0 0.0328125 0.03515625 0.01171875 0.0171875
0 0.1421875 0.06484375 0.00859375 0.0171875
0 0.1984375 0.07109375 0.009375 0.015625
0 0.1625 0.06171875 0.0109375 0.0171875
0 0.26484375 0.015625 0.009375 0.0171875
0 0.225 0.0359375 0.0109375 0.0171875
0 0.1875 0.009375 0.0078125 0.01328125
0 0.24296875 0.075 0.009375 0.0171875
0 0.22578125 0.0859375 0.00859375 0.01328125
0 0.090625 0.121875 0.0109375 0.01796875
0 0.06796875 0.14140625 0.0109375 0.0171875
0 0.0046875 0.18203125 0.00859375 0.021875
0 0.64375 0.31171875 0.0109375 0.01953125
0 0.69609375 0.31875 0.0125 0.0171875
0 0.7140625 0.29140625 0.009375 0.0171875
0 0.7515625 0.275 0.0125 0.01796875
0 0.678125 0.27265625 0.0125 0.01953125
0 0.71484375 0.26796875 0.01171875 0.0203125
0 0.71171875 0.2453125 0.0109375 0.01796875
0 0.6328125 0.2453125 0.01171875 0.0203125
0 0.671875 0.24375 0.01171875 0.01953125
0 0.60234375 0.271875 0.01171875 0.021875
0 0.6375 0.26953125 0.0125 0.01796875
0 0.628125 0.28984375 0.009375 0.01484375
0 0.584375 0.28515625 0.009375 0.015625
0 0.59609375 0.24296875 0.0109375 0.0171875
0 0.60625 0.2171875 0.0109375 0.015625
0 0.54765625 0.23203125 0.01171875 0.0171875
0 0.50703125 0.23671875 0.0125 0.0171875
0 0.51015625 0.21953125 0.0125 0.01796875
0 0.4328125 0.1953125 0.0125 0.0171875
0 0.40703125 0.240625 0.0109375 0.01796875
0 0.3921875 0.26484375 0.0109375 0.01796875
0 0.415625 0.2765625 0.01171875 0.01796875
0 0.396875 0.1953125 0.0125 0.0171875
0 0.3890625 0.171875 0.01171875 0.015625
0 0.43203125 0.17421875 0.0109375 0.0171875
0 0.490625 0.153125 0.0125 0.0171875
0 0.46015625 0.14765625 0.0109375 0.0171875
0 0.4921875 0.1234375 0.009375 0.015625
0 0.5296875 0.15703125 0.00859375 0.015625
0 0.56171875 0.1546875 0.009375 0.015625
0 0.62109375 0.18984375 0.0140625 0.01953125
0 0.5609375 0.2171875 0.0125 0.015625
0 0.6640625 0.19296875 0.0140625 0.0203125
0 0.653125 0.17734375 0.0140625 0.0203125
0 0.6890625 0.171875 0.0125 0.01953125
0 0.62421875 0.1546875 0.0109375 0.015625
0 0.59296875 0.18515625 0.01171875 0.01953125
0 0.721875 0.1796875 0.0125 0.0171875
0 0.6734375 0.12890625 0.01171875 0.0171875
0 0.7421875 0.15234375 0.009375 0.015625
0 0.765625 0.1453125 0.01171875 0.01796875
0 0.7875 0.12421875 0.0125 0.01953125
0 0.7140625 0.1234375 0.0109375 0.015625
0 0.75703125 0.171875 0.0125 0.01796875
0 0.828125 0.13984375 0.01171875 0.01796875
0 0.7859375 0.26328125 0.0125 0.0171875
0 0.8 0.29375 0.0125 0.01953125
0 0.76640625 0.28828125 0.0109375 0.01953125
0 0.7375 0.05078125 0.009375 0.01484375
0 0.7703125 0.0421875 0.0125 0.01796875
0 0.621875 0.053125 0.01171875 0.015625
0 0.58046875 0.02421875 0.00859375 0.015625
0 0.5296875 0.04921875 0.01171875 0.015625
0 0.60859375 0.015625 0.01171875 0.0171875
0 0.39921875 0.15546875 0.01171875 0.01953125
0 0.42109375 0.15546875 0.0109375 0.01953125
0 0.39375 0.13046875 0.01171875 0.01953125
0 0.59609375 0.159375 0.0109375 0.0171875
0 0.36171875 0.03125 0.00859375 0.01328125
0 0.375 0.01484375 0.0078125 0.01328125