0 0.88125 0.2359375 0.02734375 0.04453125
0 0.9140625 0.16953125 0.01953125 0.03515625
0 0.9515625 0.09375 0.0265625 0.053125
0 0.74140625 0.134375 0.0296875 0.04453125
0 0.3796875 0.05859375 0.04296875 0.06015625
0 0.528125 0.06640625 0.028125 0.040625
0 0.25546875 0.09609375 0.0265625 0.0375
0 0.315625 0.09609375 0.02734375 0.05078125
0 0.23515625 0.1953125 0.03046875 0.0453125
0 0.190625 0.084375 0.02265625 0.03671875
0 0.0640625 0.1078125 0.02734375 0.0484375
0 0.16875 0.1078125 0.0265625 0.046875
0 0.3578125 0.3421875 0.034375 0.0609375
0 0.28828125 0.36875 0.034375 0.05625
0 0.2203125 0.35546875 0.03125 0.0609375
0 0.44609375 0.0703125 0.02734375 0.05078125