0 0.084375 0.7484375 0.00703125 0.02109375
0 0.8546875 0.6859375 0.00859375 0.0234375
0 0.97578125 0.70859375 0.0109375 0.025
0 0.99609375 0.83984375 0.0078125 0.0234375
0 0.940625 0.65 0.00625 0.015625
0 0.10390625 0.7421875 0.00859375 0.021875
0 0.96953125 0.63828125 0.0109375 0.0234375
0 0.97578125 0.61953125 0.009375 0.0140625
0 0.02109375 0.10546875 0.0046875 0.01015625
0 0.04375 0.10390625 0.0046875 0.009375
0 0.0671875 0.10546875 0.0046875 0.0078125
0 0.08515625 0.10703125 0.00625 0.009375
0 0.103125 0.11171875 0.003125 0.00625
0 0.12265625 0.11171875 0.0046875 0.0078125
0 0.12109375 0.12734375 0.00390625 0.00625
0 0.12421875 0.1484375 0.00390625 0.00625
0 0.10625 0.15 0.0046875 0.009375
0 0.10625 0.12265625 0.0046875 0.009375
0 0.08671875 0.13046875 0.0046875 0.00625
0 0.0828125 0.14453125 0.00625 0.009375
0 0.06953125 0.13046875 0.00390625 0.00625
0 0.05625 0.1265625 0.00390625 0.00625
0 0.03203125 0.1265625 0.00390625 0.0078125
0 0.0109375 0.125 0.0046875 0.00625
0 0.03203125 0.14296875 0.0046875 0.0078125
0 0.009375 0.2109375 0.0046875 0.0078125
0 0.02421875 0.21484375 0.00625 0.009375
0 0.0546875 0.1859375 0.00625 0.0078125
0 0.06953125 0.1890625 0.0046875 0.0078125
0 0.0359375 0.21328125 0.00625 0.009375
0 0.0390625 0.22890625 0.00625 0.00625
0 0.0765625 0.22421875 0.00703125 0.0078125
0 0.09453125 0.209375 0.00703125 0.01015625
0 0.1109375 0.2109375 0.00625 0.01015625
0 0.11953125 0.22890625 0.00703125 0.01015625
0 0.10078125 0.22265625 0.0046875 0.0078125
0 0.08671875 0.22109375 0.00625 0.009375
0 0.059375 0.21875 0.00625 0.009375
0 0.096875 0.1734375 0.0046875 0.009375
0 0.08125 0.17421875 0.0046875 0.0078125
0 0.0640625 0.165625 0.0046875 0.0078125
0 0.003125 0.15625 0.00390625 0.01171875
0 0.003125 0.178125 0.00625 0.01171875
0 0.15390625 0.1703125 0.0046875 0.00625
0 0.15546875 0.1875 0.00703125 0.009375
0 0.1625 0.2015625 0.00625 0.009375
0 0.16171875 0.2171875 0.0046875 0.01015625
0 0.146875 0.21484375 0.00703125 0.01171875
0 0.13359375 0.2125 0.0046875 0.01171875
0 0.14140625 0.2328125 0.0046875 0.009375
0 0.1546875 0.2359375 0.00703125 0.009375
0 0.13203125 0.19296875 0.00625 0.01015625
0 0.1359375 0.13125 0.00390625 0.00625
0 0.1421875 0.109375 0.0046875 0.009375
0 0.15859375 0.11171875 0.0046875 0.009375
0 0.02890625 0.0875 0.0046875 0.0078125
0 0.05546875 0.084375 0.00390625 0.00625
0 0.05546875 0.06796875 0.00625 0.0078125
0 0.0375 0.06640625 0.00390625 0.00625
0 0.0890625 0.0703125 0.0046875 0.009375
0 0.0796875 0.0875 0.00625 0.01015625
0 0.09609375 0.08828125 0.0046875 0.0078125
0 0.11015625 0.08828125 0.00625 0.01015625
0 0.11171875 0.0703125 0.0046875 0.009375
0 0.13046875 0.07421875 0.0046875 0.0078125
0 0.13359375 0.09140625 0.0046875 0.0078125
0 0.14375 0.07265625 0.00390625 0.0078125
0 0.146875 0.08984375 0.0046875 0.0078125
0 0.159375 0.0765625 0.0046875 0.0078125
0 0.18046875 0.09375 0.00625 0.009375
0 0.17734375 0.078125 0.0046875 0.00625
0 0.16328125 0.0921875 0.00390625 0.0078125
0 0.17265625 0.17578125 0.00625 0.009375
0 0.17890625 0.19921875 0.00625 0.01015625
0 0.178125 0.2171875 0.00625 0.009375
0 0.121875 0.0078125 0.00390625 0.009375
0 0.1015625 0.009375 0.00390625 0.0078125
0 0.12578125 0.025 0.00390625 0.0078125
0 0.1078125 0.025 0.0046875 0.009375
0 0.11796875 0.046875 0.00390625 0.0078125
0 0.10390625 0.046875 0.0046875 0.0078125
0 0.08671875 0.04453125 0.0046875 0.0078125
0 0.06875 0.046875 0.00390625 0.0078125
0 0.053125 0.0453125 0.00390625 0.0078125
0 0.05546875 0.02578125 0.00390625 0.00625
0 0.065625 0.01015625 0.00390625 0.00625
0 0.09296875 0.02734375 0.00390625 0.0078125
0 0.07734375 0.0171875 0.0046875 0.01328125
0 0.14921875 0.009375 0.0046875 0.00625
0 0.159375 0.01328125 0.0046875 0.00625
0 0.1546875 0.02734375 0.00390625 0.009375
0 0.15703125 0.04453125 0.0046875 0.009375
0 0.17265625 0.04921875 0.0046875 0.009375
0 0.1359375 0.04921875 0.0046875 0.009375
0 0.13984375 0.02734375 0.00390625 0.009375
0 0.2546875 0.01328125 0.00390625 0.00625
0 0.2421875 0.01171875 0.00390625 0.0078125
0 0.22578125 0.01328125 0.003125 0.0078125
0 0.2125 0.01015625 0.0046875 0.009375
0 0.19375 0.01015625 0.00390625 0.0078125
0 0.1796875 0.01015625 0.00390625 0.0078125
0 0.18828125 0.02734375 0.00390625 0.009375
0 0.20703125 0.02890625 0.00390625 0.00625
0 0.2265625 0.03515625 0.00625 0.009375
0 0.24140625 0.02734375 0.0046875 0.0078125
0 0.175 0.03125 0.00390625 0.0078125
0 0.1859375 0.04921875 0.0046875 0.009375
0 0.20390625 0.05234375 0.00390625 0.00625
0 0.21875 0.0546875 0.00625 0.0078125
0 0.20390625 0.0765625 0.0046875 0.0078125
0 0.25078125 0.08203125 0.0046875 0.0078125
0 0.25234375 0.09921875 0.0046875 0.009375
0 0.25234375 0.11953125 0.0046875 0.009375
0 0.221875 0.11171875 0.00703125 0.01015625
0 0.2015625 0.13046875 0.0046875 0.01015625
0 0.2328125 0.0953125 0.00625 0.009375
0 0.23203125 0.1109375 0.0046875 0.01171875
0 0.34375 0.015625 0.00390625 0.00625
0 0.3515625 0.01953125 0.00390625 0.00625
0 0.36640625 0.0234375 0.00390625 0.0078125
0 0.38515625 0.02109375 0.0046875 0.009375
0 0.37109375 0.0375 0.00390625 0.00625
0 0.35390625 0.040625 0.0046875 0.00625
0 0.34375 0.04140625 0.00390625 0.00625
0 0.32890625 0.0375 0.00390625 0.009375
0 0.31640625 0.03359375 0.00390625 0.00625
0 0.29609375 0.0328125 0.00390625 0.00625
0 0.27578125 0.05234375 0.0046875 0.009375
0 0.2953125 0.05078125 0.0046875 0.009375
0 0.309375 0.05625 0.0046875 0.0078125
0 0.34609375 0.06015625 0.0046875 0.0078125
0 0.334375 0.05859375 0.003125 0.00625
0 0.3234375 0.06015625 0.00390625 0.00625
0 0.375 0.0609375 0.00390625 0.00625
0 0.384375 0.0625 0.00625 0.009375
0 0.39921875 0.06484375 0.0046875 0.009375
0 0.38828125 0.08828125 0.0046875 0.009375
0 0.3734375 0.08203125 0.0046875 0.009375
0 0.35703125 0.084375 0.0046875 0.01015625
0 0.34453125 0.0875 0.00390625 0.009375
0 0.325 0.08046875 0.00390625 0.009375
0 0.2890625 0.0796875 0.00625 0.009375
0 0.3078125 0.109375 0.00390625 0.009375
0 0.3265625 0.10703125 0.00625 0.01015625
0 0.3484375 0.10390625 0.0046875 0.009375
0 0.36640625 0.11171875 0.00625 0.01015625
0 0.39765625 0.13046875 0.00625 0.01171875
0 0.378125 0.1078125 0.00390625 0.0078125
0 0.375 0.1546875 0.00390625 0.01015625
0 0.3625 0.125 0.0046875 0.015625
0 0.35625 0.15390625 0.00625 0.009375
0 0.34296875 0.146875 0.00625 0.01015625
0 0.3296875 0.146875 0.00625 0.01328125
0 0.3453125 0.171875 0.00703125 0.01015625
0 0.33359375 0.17578125 0.0046875 0.01015625
0 0.315625 0.1703125 0.00625 0.01328125
0 0.30390625 0.16953125 0.00703125 0.01015625
0 0.2859375 0.165625 0.00390625 0.009375
0 0.31015625 0.14453125 0.0046875 0.009375
0 0.29296875 0.1421875 0.00625 0.009375
0 0.27734375 0.1015625 0.0078125 0.01328125
0 0.2859375 0.1234375 0.00703125 0.01171875
0 0.26484375 0.1015625 0.0046875 0.009375
0 0.26875 0.1234375 0.00625 0.0078125
0 0.26640625 0.140625 0.0046875 0.009375
0 0.2359375 0.16015625 0.00625 0.01171875
0 0.24140625 0.18359375 0.00625 0.009375
0 0.259375 0.18984375 0.00625 0.009375
0 0.2796875 0.1859375 0.00625 0.009375
0 0.29453125 0.1890625 0.0046875 0.009375
0 0.21796875 0.1578125 0.0046875 0.009375
0 0.196875 0.15859375 0.00625 0.0078125
0 0.1953125 0.178125 0.00625 0.009375
0 0.21171875 0.178125 0.0046875 0.01015625
0 0.22109375 0.18359375 0.0046875 0.0078125
0 0.1921875 0.196875 0.0046875 0.009375
0 0.2125 0.2046875 0.00703125 0.009375
0 0.228125 0.2046875 0.00703125 0.01171875
0 0.2484375 0.2109375 0.0078125 0.01015625
0 0.26875 0.2109375 0.0046875 0.009375
0 0.28515625 0.21640625 0.00625 0.01015625
0 0.28671875 0.234375 0.0046875 0.009375
0 0.26953125 0.2359375 0.0078125 0.01171875
0 0.253125 0.2328125 0.00625 0.01015625
0 0.2359375 0.23046875 0.00703125 0.01015625
0 0.2171875 0.22890625 0.00625 0.009375
0 0.20078125 0.22421875 0.00703125 0.01015625
0 0.1859375 0.22265625 0.00625 0.009375
0 0.171875 0.23203125 0.00625 0.009375
0 0.19453125 0.24609375 0.00703125 0.01171875
0 0.21796875 0.24453125 0.0046875 0.009375
0 0.23515625 0.2484375 0.00625 0.01015625
0 0.246875 0.24609375 0.00390625 0.009375
0 0.25234375 0.26171875 0.0046875 0.009375
0 0.27578125 0.25546875 0.00703125 0.01171875
0 0.2984375 0.25625 0.0046875 0.01171875
0 0.32421875 0.01328125 0.0078125 0.01015625
0 0.40234375 0.003125 0.00625 0.00625
0 0.4015625 0.021875 0.00390625 0.00625
0 0.43125 0.01171875 0.00390625 0.0078125
0 0.4375 0.009375 0.00390625 0.0078125
0 0.44609375 0.009375 0.0046875 0.0078125
0 0.46015625 0.009375 0.003125 0.0078125
0 0.4546875 0.0234375 0.0046875 0.0078125
0 0.43671875 0.025 0.00390625 0.00625
0 0.41484375 0.00234375 0.0046875 0.0046875
0 0.4546875 0.04140625 0.0046875 0.0078125
0 0.43359375 0.04296875 0.00390625 0.00546875
0 0.4140625 0.04453125 0.00390625 0.00625
0 0.4046875 0.05859375 0.0046875 0.009375
0 0.41875 0.0640625 0.003125 0.00390625
0 0.4421875 0.0609375 0.00390625 0.0078125
0 0.465625 0.06640625 0.00703125 0.0078125
0 0.440625 0.09140625 0.00703125 0.009375
0 0.409375 0.08984375 0.00625 0.01015625
0 0.33203125 0.19296875 0.00625 0.009375
0 0.3578125 0.1953125 0.00625 0.01328125
0 0.38984375 0.203125 0.00703125 0.0140625
0 0.40546875 0.20546875 0.00625 0.009375
0 0.4203125 0.2109375 0.0046875 0.009375
0 0.44296875 0.209375 0.0046875 0.01015625
0 0.4609375 0.21484375 0.0078125 0.0140625
0 0.46484375 0.1859375 0.00625 0.0078125
0 0.46953125 0.1421875 0.00625 0.01171875
0 0.440625 0.18984375 0.00625 0.01015625
0 0.4203125 0.18203125 0.00625 0.01015625
0 0.40703125 0.18125 0.00625 0.01171875
0 0.42265625 0.1734375 0.00625 0.01328125
0 0.42265625 0.16171875 0.0078125 0.0140625
0 0.45078125 0.16171875 0.00703125 0.01015625
0 0.4484375 0.13515625 0.00703125 0.01171875
0 0.42734375 0.09375 0.0046875 0.009375
0 0.46875 0.11953125 0.00625 0.0078125
0 0.52421875 0.01171875 0.0046875 0.0078125
0 0.5140625 0.01171875 0.00625 0.009375
0 0.5125 0.02734375 0.0046875 0.0078125
0 0.4953125 0.0078125 0.00390625 0.00546875
0 0.48359375 0.0078125 0.00390625 0.00625
0 0.490625 0.02734375 0.0046875 0.009375
0 0.296875 0.103125 0.00625 0.01015625
0 0.26796875 0.08203125 0.0046875 0.0078125
0 0.315625 0.12734375 0.0046875 0.0078125
0 0.27109375 0.1640625 0.0046875 0.0078125
0 0.25625 0.1625 0.00625 0.009375
0 0.31875 0.19296875 0.0046875 0.0078125
0 0.4203125 0.0234375 0.00390625 0.00625
0 0.47734375 0.00625 0.00390625 0.00625
0 0.47578125 0.021875 0.0046875 0.0078125
0 0.48671875 0.04140625 0.0046875 0.0078125
0 0.465625 0.04921875 0.00390625 0.0078125
0 0.48515625 0.06796875 0.00390625 0.00625
0 0.40703125 0.1109375 0.00390625 0.0078125
0 0.4203125 0.109375 0.0046875 0.0078125
0 0.4875 0.1171875 0.003125 0.00625
0 0.50078125 0.09921875 0.0046875 0.009375
0 0.4875 0.1421875 0.00625 0.01015625
0 0.0296875 0.16640625 0.00625 0.01015625
0 0.02734375 0.19140625 0.00390625 0.01171875
0 0.0328125 0.1890625 0.00390625 0.009375
0 0.6203125 0.015625 0.00390625 0.0078125
0 0.60234375 0.01328125 0.00390625 0.00625
0 0.58125 0.01328125 0.00625 0.009375
0 0.565625 0.02734375 0.0046875 0.0078125
0 0.58203125 0.02890625 0.00625 0.009375
0 0.603125 0.0390625 0.0046875 0.01015625
0 0.60859375 0.03671875 0.003125 0.00625
0 0.61328125 0.05859375 0.00390625 0.00625
0 0.59921875 0.0546875 0.003125 0.0078125
0 0.55 0.0546875 0.0046875 0.0078125
0 0.56640625 0.05625 0.00390625 0.00625
0 0.58203125 0.0765625 0.00625 0.009375
0 0.59296875 0.08359375 0.00625 0.009375
0 0.61484375 0.08203125 0.0046875 0.0078125
0 0.61015625 0.10546875 0.0046875 0.009375
0 0.5859375 0.10546875 0.00625 0.009375
0 0.5703125 0.10390625 0.00625 0.009375
0 0.55 0.1015625 0.0046875 0.0078125
0 0.55625 0.07578125 0.0046875 0.009375
0 0.54375 0.07265625 0.0046875 0.009375
0 0.52421875 0.06875 0.00625 0.009375
0 0.51640625 0.09921875 0.00625 0.01015625
0 0.53203125 0.09921875 0.00625 0.01015625
0 0.5078125 0.11953125 0.00390625 0.0078125
0 0.53046875 0.11953125 0.0046875 0.01171875
0 0.5453125 0.1234375 0.0046875 0.01015625
0 0.565625 0.1234375 0.00625 0.01171875
0 0.56328125 0.15078125 0.0046875 0.009375
0 0.5484375 0.14453125 0.0046875 0.01171875
0 0.5328125 0.14296875 0.0046875 0.009375
0 0.50859375 0.140625 0.00625 0.01171875
0 0.559375 0.171875 0.00625 0.009375
0 0.546875 0.16953125 0.00625 0.009375
0 0.521875 0.16953125 0.00625 0.01015625
0 0.496875 0.171875 0.00625 0.01015625
0 0.48125 0.1703125 0.0046875 0.0078125
0 0.3125 0.20546875 0.00390625 0.00625
0 0.30703125 0.21875 0.0046875 0.0078125
0 0.3140625 0.26015625 0.00703125 0.01015625
0 0.35546875 0.22109375 0.0078125 0.01171875
0 0.3734375 0.23671875 0.00703125 0.01015625
0 0.39140625 0.23203125 0.00703125 0.009375
0 0.4078125 0.234375 0.00703125 0.01015625
0 0.40390625 0.26015625 0.00703125 0.01328125
0 0.3734375 0.2578125 0.0078125 0.009375
0 0.340625 0.24609375 0.00703125 0.01171875
0 0.315625 0.2421875 0.00703125 0.01171875
0 0.3078125 0.23828125 0.00625 0.01015625
0 0.32578125 0.30703125 0.00703125 0.00625
0 0.6265625 0.10390625 0.00625 0.01015625
0 0.64765625 0.1078125 0.0046875 0.01015625
0 0.58671875 0.12890625 0.0046875 0.009375
0 0.60078125 0.12890625 0.0046875 0.009375
0 0.6234375 0.13515625 0.00625 0.0078125
0 0.63828125 0.134375 0.0046875 0.0078125
0 0.62578125 0.15859375 0.0046875 0.01171875
0 0.6 0.1578125 0.0046875 0.009375
0 0.5828125 0.15078125 0.00625 0.01171875
0 0.58125 0.1796875 0.00703125 0.01015625
0 0.59921875 0.18203125 0.00703125 0.01015625
0 0.62421875 0.178125 0.00859375 0.01015625
0 0.64765625 0.18203125 0.0078125 0.01171875
0 0.6390625 0.21484375 0.00703125 0.01015625
0 0.61328125 0.20703125 0.00625 0.01171875
0 0.60078125 0.203125 0.00703125 0.01171875
0 0.5828125 0.203125 0.00625 0.01015625
0 0.56328125 0.20078125 0.00625 0.01171875
0 0.5578125 0.225 0.00625 0.01328125
0 0.57265625 0.23828125 0.0046875 0.009375
0 0.59765625 0.234375 0.00625 0.01015625
0 0.6140625 0.23671875 0.00703125 0.01171875
0 0.6375 0.23984375 0.0046875 0.01171875
0 0.5953125 0.25625 0.00703125 0.01015625
0 0.5484375 0.2484375 0.00625 0.01015625
0 0.3828125 0.12734375 0.00390625 0.00625
0 0.4328125 0.23828125 0.0046875 0.01015625
0 0.45078125 0.23984375 0.0046875 0.01015625
0 0.48359375 0.1875 0.0046875 0.009375
0 0.49765625 0.20078125 0.0046875 0.01015625
0 0.5171875 0.20078125 0.00625 0.009375
0 0.53125 0.19921875 0.00625 0.01015625
0 0.53984375 0.22265625 0.00703125 0.01015625
0 0.509375 0.21875 0.00703125 0.01171875
0 0.4921875 0.22421875 0.00625 0.01015625
0 0.475 0.21328125 0.00625 0.01171875
0 0.5640625 0.25625 0.00625 0.01171875
0 0.525 0.24453125 0.00625 0.01171875
0 0.5109375 0.24609375 0.0046875 0.01015625
0 0.48515625 0.24765625 0.00625 0.01015625
0 0.471875 0.240625 0.00703125 0.01171875
0 0.51640625 0.271875 0.0046875 0.01171875
0 0.5328125 0.275 0.00625 0.01015625
0 0.5578125 0.2828125 0.00703125 0.01171875
0 0.5765625 0.28515625 0.00625 0.01171875
0 0.5484375 0.2953125 0.00703125 0.01015625
0 0.5484375 0.3109375 0.0078125 0.01171875
0 0.5140625 0.30078125 0.00625 0.01171875
0 0.49296875 0.29140625 0.0078125 0.01328125
0 0.428125 0.265625 0.0078125 0.01171875
0 0.44453125 0.28359375 0.0078125 0.015625
0 0.41328125 0.259375 0.00625 0.009375
0 0.46953125 0.165625 0.0046875 0.009375
0 0.4625 0.2671875 0.00859375 0.01015625
0 0.6109375 0.26796875 0.0046875 0.009375
0 0.603125 0.28671875 0.00703125 0.01171875
0 0.61796875 0.2875 0.00703125 0.01328125
0 0.60078125 0.30703125 0.0078125 0.01015625
0 0.62421875 0.31015625 0.00703125 0.01328125
0 0.63359375 0.31875 0.00625 0.009375
0 0.64453125 0.29296875 0.00625 0.01015625
0 0.66875 0.27109375 0.0046875 0.01328125
0 0.6828125 0.27109375 0.00625 0.009375
0 0.66171875 0.2953125 0.00703125 0.015625
0 0.67265625 0.3140625 0.00703125 0.0140625
0 0.6921875 0.32265625 0.00703125 0.0140625
0 0.5296875 0.34609375 0.0046875 0.01328125
0 0.5765625 0.35390625 0.00625 0.015625
0 0.540625 0.33984375 0.0078125 0.01171875
0 0.51640625 0.34375 0.00703125 0.0140625
0 0.58203125 0.303125 0.0078125 0.01171875
0 0.63203125 0.01015625 0.00390625 0.00625
0 0.6578125 0.015625 0.0046875 0.009375
0 0.66484375 0.015625 0.00390625 0.0078125
0 0.684375 0.0234375 0.00390625 0.00546875
0 0.66875 0.0375 0.0046875 0.00625
0 0.665625 0.046875 0.0046875 0.009375
0 0.665625 0.05859375 0.0046875 0.009375
0 0.65859375 0.05703125 0.0046875 0.009375
0 0.646875 0.04296875 0.0046875 0.009375
0 0.63046875 0.0375 0.0046875 0.01015625
0 0.634375 0.0796875 0.00625 0.01015625
0 0.64765625 0.08359375 0.0046875 0.00625
0 0.66875 0.08984375 0.0046875 0.009375
0 0.68828125 0.08359375 0.0046875 0.01015625
0 0.6890625 0.06015625 0.0046875 0.009375
0 0.709375 0.0625 0.0046875 0.0078125
0 0.73125 0.05859375 0.00625 0.01171875
0 0.72578125 0.03671875 0.0046875 0.0078125
0 0.7140625 0.04296875 0.00390625 0.0078125
0 0.6890625 0.03515625 0.0046875 0.009375
0 0.70546875 0.015625 0.0046875 0.009375
0 0.725 0.01796875 0.0046875 0.009375
0 0.71640625 0.0875 0.0046875 0.01015625
0 0.73515625 0.08828125 0.00703125 0.009375
0 0.7234375 0.11484375 0.0046875 0.009375
0 0.70234375 0.11328125 0.0046875 0.009375
0 0.68671875 0.11171875 0.0046875 0.009375
0 0.665625 0.11328125 0.00625 0.009375
0 0.7234375 0.13671875 0.00625 0.01328125
0 0.70703125 0.134375 0.0078125 0.01171875
0 0.68203125 0.140625 0.0046875 0.0078125
0 0.70078125 0.1703125 0.0046875 0.01015625
0 0.68125 0.16171875 0.00625 0.01015625
0 0.66484375 0.1578125 0.00703125 0.01015625
0 0.6671875 0.13671875 0.00703125 0.01015625
0 0.74140625 0.02578125 0.0046875 0.00625
0 0.740625 0.04296875 0.00703125 0.009375
0 0.76640625 0.01953125 0.00390625 0.009375
0 0.784375 0.021875 0.0046875 0.01015625
0 0.8015625 0.021875 0.0046875 0.01015625
0 0.82265625 0.02109375 0.0046875 0.0078125
0 0.7875 0.04921875 0.00625 0.0140625
0 0.765625 0.0390625 0.00625 0.01015625
0 0.7640625 0.05859375 0.0078125 0.01171875
0 0.7515625 0.0640625 0.00703125 0.01328125
0 0.7484375 0.09609375 0.00625 0.01171875
0 0.7484375 0.115625 0.00625 0.01015625
0 0.8140625 0.13125 0.00625 0.009375
0 0.8359375 0.12890625 0.00625 0.01171875
0 0.83359375 0.15625 0.0046875 0.01015625
0 0.8140625 0.15859375 0.0046875 0.009375
0 0.909375 0.01015625 0.00703125 0.01015625
0 0.92890625 0.01171875 0.00625 0.01015625
0 0.95859375 0.009375 0.0046875 0.01015625
0 0.9859375 0.02578125 0.0046875 0.009375
0 0.97734375 0.0546875 0.00625 0.0078125
0 0.95546875 0.03515625 0.0046875 0.009375
0 0.9390625 0.03125 0.00390625 0.0078125
0 0.91953125 0.02734375 0.0046875 0.0078125
0 0.8921875 0.02734375 0.00390625 0.0078125
0 0.97890625 0.0796875 0.0046875 0.009375
0 0.9546875 0.08046875 0.00625 0.01015625
0 0.9453125 0.05703125 0.00390625 0.009375
0 0.9359375 0.05078125 0.00625 0.01015625
0 0.92265625 0.0546875 0.0046875 0.01328125
0 0.89609375 0.053125 0.0046875 0.009375
0 0.871875 0.05703125 0.0046875 0.009375
0 0.86015625 0.07265625 0.00625 0.009375
0 0.88046875 0.08046875 0.0046875 0.0078125
0 0.90234375 0.08046875 0.00625 0.01015625
0 0.90703125 0.1 0.00625 0.01015625
0 0.92734375 0.08046875 0.0046875 0.01015625
0 0.92890625 0.1078125 0.00625 0.01015625
0 0.9484375 0.1109375 0.00625 0.009375
0 0.978125 0.11171875 0.0046875 0.0078125
0 0.99609375 0.1109375 0.00625 0.0140625
0 0.98046875 0.140625 0.00625 0.01328125
0 0.9578125 0.140625 0.00625 0.01015625
0 0.9390625 0.13515625 0.00625 0.01015625
0 0.91484375 0.13828125 0.00625 0.01328125
0 0.884375 0.134375 0.0046875 0.009375
0 0.8875 0.10703125 0.0046875 0.0078125
0 0.8640625 0.1015625 0.0046875 0.01015625
0 0.8515625 0.09765625 0.00625 0.015625
0 0.86640625 0.134375 0.0046875 0.0078125
0 0.86015625 0.15859375 0.00625 0.01171875
0 0.91796875 0.1625 0.00625 0.0078125
0 0.953125 0.1640625 0.00625 0.01015625
0 0.996875 0.17421875 0.0015625 0.01328125
0 0.94453125 0.1953125 0.00625 0.01171875
0 0.928125 0.1859375 0.00625 0.01015625
0 0.896875 0.18515625 0.00703125 0.0140625
0 0.8734375 0.18515625 0.0046875 0.01015625
0 0.9671875 0.171875 0.0046875 0.01171875
0 0.89921875 0.15859375 0.00625 0.01171875
0 0.996875 0.225 0.0046875 0.01171875
0 0.975 0.2265625 0.00703125 0.01015625
0 0.95234375 0.24609375 0.00703125 0.01171875
0 0.94453125 0.22421875 0.00625 0.01328125
0 0.92109375 0.2203125 0.00625 0.01171875
0 0.9328125 0.2484375 0.00625 0.01171875
0 0.915625 0.27734375 0.0046875 0.01328125
0 0.8984375 0.25 0.00625 0.009375
0 0.88984375 0.2734375 0.00625 0.01015625
0 0.8984375 0.30234375 0.00625 0.01171875
0 0.92890625 0.31796875 0.00625 0.01328125
0 0.87890625 0.2421875 0.0078125 0.0140625
0 0.87421875 0.2109375 0.00625 0.01015625
0 0.84453125 0.18203125 0.00703125 0.01015625
0 0.8453125 0.209375 0.00625 0.01015625
0 0.82890625 0.2015625 0.0078125 0.01171875
0 0.80625 0.203125 0.0078125 0.009375
0 0.8015625 0.2328125 0.00703125 0.01015625
0 0.8234375 0.234375 0.00625 0.01015625
0 0.846875 0.2421875 0.00625 0.009375
0 0.84453125 0.2640625 0.00703125 0.01171875
0 0.8640625 0.2796875 0.00625 0.01015625
0 0.8484375 0.296875 0.00703125 0.01171875
0 0.86796875 0.3109375 0.00625 0.009375
0 0.815625 0.28671875 0.00703125 0.01171875
0 0.80625 0.26953125 0.0046875 0.01171875
0 0.78359375 0.2984375 0.0046875 0.009375
0 0.76015625 0.28515625 0.00703125 0.01171875
0 0.76015625 0.1953125 0.00703125 0.015625
0 0.790625 0.25234375 0.0078125 0.01328125
0 0.990625 0.06875 0.00703125 0.015625
0 0.96796875 0.11328125 0.00859375 0.0078125
0 0.89765625 0.21328125 0.00625 0.009375
0 0.996875 0.26171875 0.0046875 0.01328125
0 0.9859375 0.259375 0.0046875 0.01171875
0 0.99453125 0.34609375 0.00703125 0.015625
0 0.9859375 0.36875 0.0078125 0.015625
0 0.82890625 0.3515625 0.0078125 0.009375
0 0.8578125 0.35703125 0.00703125 0.009375
0 0.71171875 0.24765625 0.00703125 0.01328125
0 0.73828125 0.21875 0.0078125 0.01015625
0 0.7390625 0.2796875 0.00625 0.01015625
0 0.73515625 0.30078125 0.0078125 0.01328125
0 0.79375 0.3515625 0.0078125 0.01171875
0 0.73515625 0.3421875 0.00625 0.009375
0 0.17578125 0.15078125 0.00625 0.0078125
0 0.240625 0.1390625 0.00625 0.0078125
0 0.25625 0.14296875 0.0046875 0.009375
0 0.2046875 0.171875 0.00390625 0.009375
0 0.1828125 0.23828125 0.00703125 0.009375