0 0.478125 0.29140625 0.03515625 0.075
0 0.4203125 0.41171875 0.0421875 0.08515625
0 0.065625 0.31484375 0.0203125 0.03984375
0 0.01015625 0.47890625 0.0125 0.0265625
0 0.0546875 0.42421875 0.00625 0.01171875
0 0.0375 0.4 0.00703125 0.01484375
0 0.0140625 0.40078125 0.009375 0.0171875
0 0.0125 0.38515625 0.0078125 0.01484375
0 0.0109375 0.36171875 0.00625 0.01328125
0 0.03828125 0.35 0.00625 0.01171875
0 0.0421875 0.33203125 0.00625 0.01015625
0 0.00859375 0.33515625 0.0046875 0.01171875
0 0.0171875 0.31640625 0.00625 0.01484375
0 0.015625 0.3 0.00625 0.00859375
0 0.02578125 0.3046875 0.00703125 0.01328125
0 0.03984375 0.29140625 0.0046875 0.01015625
0 0.02890625 0.26328125 0.0046875 0.01171875
0 0.00546875 0.28671875 0.00703125 0.01171875
0 0.02421875 0.28515625 0.00625 0.01015625
0 0.06171875 0.3515625 0.00703125 0.01484375
0 0.08203125 0.284375 0.00625 0.01015625
0 0.0890625 0.29609375 0.0046875 0.01171875
0 0.10390625 0.31796875 0.0046875 0.01171875
0 0.1109375 0.33359375 0.0046875 0.00859375
0 0.1125 0.3484375 0.00703125 0.01171875
0 0.12578125 0.42578125 0.00703125 0.01484375
0 0.1390625 0.45078125 0.0078125 0.0171875
0 0.15234375 0.459375 0.00625 0.01640625
0 0.1453125 0.4890625 0.009375 0.0203125
0 0.10859375 0.30625 0.00625 0.01015625
0 0.13125 0.2828125 0.0046875 0.01015625
0 0.115625 0.2984375 0.0078125 0.01328125
0 0.1265625 0.31640625 0.00625 0.01015625
0 0.12265625 0.33359375 0.0046875 0.01015625
0 0.13046875 0.346875 0.0046875 0.01171875
0 0.15 0.36171875 0.00703125 0.01328125
0 0.1578125 0.33828125 0.00625 0.00859375
0 0.1796875 0.353125 0.00625 0.01015625
0 0.1625 0.35859375 0.0046875 0.01015625
0 0.1640625 0.3765625 0.0078125 0.01171875
0 0.18125 0.38046875 0.00625 0.01171875
0 0.121875 0.40703125 0.00703125 0.01015625
0 0.12421875 0.3765625 0.00625 0.01328125
0 0.146875 0.3984375 0.00625 0.01484375
0 0.153125 0.4171875 0.00625 0.01171875
0 0.16015625 0.4140625 0.00625 0.01015625
0 0.1609375 0.440625 0.00703125 0.01640625
0 0.16953125 0.43046875 0.0046875 0.01015625
0 0.19453125 0.33125 0.0046875 0.01015625
0 0.184375 0.33359375 0.0046875 0.00859375
0 0.19453125 0.2734375 0.0046875 0.01328125
0 0.15078125 0.26953125 0.0046875 0.01015625
0 0.13125 0.31015625 0.0046875 0.01328125
0 0.14375 0.31171875 0.00625 0.00859375
0 0.00546875 0.2265625 0.003125 0.01171875
0 0.025 0.2296875 0.00390625 0.00859375
0 0.05625 0.2359375 0.00390625 0.01171875
0 0.06953125 0.253125 0.00390625 0.00859375
0 0.0828125 0.2546875 0.003125 0.00703125
0 0.1078125 0.2609375 0.003125 0.00859375
0 0.12109375 0.24921875 0.00390625 0.01171875
0 0.12890625 0.25 0.00390625 0.01015625
0 0.1125 0.234375 0.0046875 0.01015625
0 0.08828125 0.209375 0.0046875 0.01015625
0 0.071875 0.21484375 0.0046875 0.00859375
0 0.06171875 0.20625 0.0046875 0.00859375
0 0.13984375 0.2546875 0.00390625 0.00546875
0 0.11875 0.203125 0.0015625 0.00859375
0 0.20546875 0.34375 0.0046875 0.00859375
0 0.19921875 0.36875 0.00625 0.00546875
0 0.178125 0.36875 0.00703125 0.00859375
0 0.2125 0.35546875 0.0046875 0.01328125
0 0.22578125 0.3515625 0.00625 0.01015625
0 0.22578125 0.36875 0.0046875 0.01015625
0 0.2 0.39375 0.01484375 0.02890625
0 0.22578125 0.415625 0.00625 0.01015625
0 0.26796875 0.4359375 0.00703125 0.01171875
0 0.25625 0.38828125 0.0046875 0.01171875
0 0.2375 0.38671875 0.0046875 0.01171875
0 0.26875 0.375 0.0046875 0.01171875
0 0.29140625 0.35703125 0.0046875 0.01328125
0 0.259375 0.3296875 0.00390625 0.00859375
0 0.28046875 0.3546875 0.00390625 0.01015625
0 0.4546875 0.48046875 0.00625 0.01328125
0 0.4625 0.47109375 0.00703125 0.01328125
0 0.43671875 0.4875 0.00703125 0.01328125
0 0.384375 0.37890625 0.00390625 0.01015625
0 0.35859375 0.353125 0.0046875 0.00859375
0 0.346875 0.3546875 0.00390625 0.00859375
0 0.3875 0.35703125 0.00390625 0.00859375
0 0.56953125 0.490625 0.0078125 0.01484375
0 0.63984375 0.20625 0.0328125 0.0703125
0 0.90078125 0.228125 0.03046875 0.06328125
0 0.7546875 0.353125 0.0140625 0.03203125
0 0.596875 0.50390625 0.00625 0.01640625
0 0.61484375 0.4875 0.0046875 0.01171875
0 0.6125 0.5140625 0.0046875 0.01328125
0 0.60625 0.52265625 0.00625 0.01328125
0 0.5984375 0.52890625 0.0046875 0.01328125