0 0.06875 0.4546875 0.0046875 0.01015625
0 0.08515625 0.4625 0.0046875 0.01171875
0 0.06796875 0.4859375 0.00703125 0.01328125
0 0.0875 0.47734375 0.0046875 0.00859375
0 0.08203125 0.49296875 0.00625 0.00859375
0 0.07265625 0.47734375 0.0046875 0.01015625
0 0.00703125 0.44453125 0.00625 0.01328125
0 0.00390625 0.4875 0.00625 0.01640625
0 0.02421875 0.53046875 0.00703125 0.01484375
0 0.0671875 0.50546875 0.00625 0.01640625
0 0.0640625 0.5375 0.00703125 0.01484375
0 0.07109375 0.55546875 0.0078125 0.01484375
0 0.0578125 0.55078125 0.0078125 0.01796875
0 0.07578125 0.58671875 0.00859375 0.01328125
0 0.06171875 0.58046875 0.00859375 0.02109375
0 0.15703125 0.61640625 0.00703125 0.02109375
0 0.2 0.5984375 0.00703125 0.01640625
0 0.24375 0.603125 0.0078125 0.01796875
0 0.18671875 0.6625 0.0109375 0.01796875
0 0.2171875 0.66953125 0.009375 0.01953125
0 0.2390625 0.64765625 0.0109375 0.0234375
0 0.25703125 0.6546875 0.0109375 0.01953125
0 0.27421875 0.63984375 0.009375 0.02109375
0 0.2953125 0.64609375 0.00859375 0.02109375
0 0.3015625 0.61953125 0.00625 0.01171875
0 0.30703125 0.4546875 0.0046875 0.01015625
0 0.31953125 0.46953125 0.0046875 0.01171875
0 0.278125 0.4515625 0.0046875 0.01015625
0 0.30625 0.484375 0.0046875 0.01015625
0 0.2921875 0.4875 0.0046875 0.00859375
0 0.25703125 0.4796875 0.00390625 0.01015625
0 0.22578125 0.484375 0.00625 0.01015625
0 0.2875 0.5078125 0.00703125 0.01015625
0 0.31484375 0.53515625 0.0046875 0.01328125
0 0.32734375 0.52109375 0.0046875 0.01015625
0 0.3078125 0.5078125 0.00703125 0.01328125
0 0.3078125 0.6578125 0.00703125 0.01796875
0 0.3328125 0.44921875 0.00390625 0.00859375
0 0.346875 0.44453125 0.0046875 0.00703125
0 0.3890625 0.459375 0.00390625 0.01015625
0 0.4078125 0.45625 0.00390625 0.01015625
0 0.425 0.453125 0.0046875 0.01015625
0 0.4296875 0.4859375 0.00625 0.01015625
0 0.41953125 0.4921875 0.0046875 0.01015625
0 0.42578125 0.5109375 0.00625 0.01015625
0 0.39609375 0.4875 0.0046875 0.01015625
0 0.39375 0.47109375 0.0046875 0.00859375
0 0.38359375 0.4875 0.0046875 0.01328125
0 0.375 0.47578125 0.00390625 0.00859375
0 0.346875 0.49609375 0.00625 0.01015625
0 0.36640625 0.50234375 0.0046875 0.00859375
0 0.37890625 0.52421875 0.00625 0.01015625
0 0.403125 0.515625 0.00625 0.00859375
0 0.43671875 0.54375 0.0046875 0.01328125
0 0.41875 0.56875 0.00703125 0.01328125
0 0.42265625 0.546875 0.0046875 0.01171875
0 0.425 0.5953125 0.00625 0.01484375
0 0.41796875 0.5421875 0.009375 0.0328125
0 0.39140625 0.540625 0.00625 0.01171875
0 0.3796875 0.55546875 0.00625 0.01015625
0 0.3609375 0.5203125 0.0046875 0.01484375
0 0.35703125 0.53203125 0.00703125 0.01015625
0 0.3390625 0.51875 0.00625 0.01015625
0 0.3390625 0.53515625 0.00625 0.01171875
0 0.37265625 0.575 0.0046875 0.01171875
0 0.36875 0.58984375 0.0078125 0.01171875
0 0.35 0.5734375 0.00625 0.01015625
0 0.33671875 0.55234375 0.00703125 0.01171875
0 0.3328125 0.56328125 0.00703125 0.01015625
0 0.50859375 0.44296875 0.00390625 0.00703125
0 0.496875 0.4578125 0.0046875 0.00859375
0 0.4703125 0.44140625 0.0046875 0.00859375
0 0.44453125 0.4578125 0.00390625 0.00859375
0 0.4421875 0.49609375 0.00625 0.01328125
0 0.43671875 0.459375 0.0046875 0.01171875
0 0.634375 0.43984375 0.00390625 0.00859375
0 0.63671875 0.46640625 0.00390625 0.01015625
0 0.621875 0.43984375 0.0046875 0.00859375
0 0.61796875 0.45 0.00390625 0.01015625
0 0.6 0.44296875 0.00390625 0.01015625
0 0.58984375 0.45625 0.00390625 0.00859375
0 0.59296875 0.44140625 0.003125 0.00703125
0 0.5796875 0.43984375 0.0046875 0.00859375
0 0.5609375 0.43984375 0.00390625 0.00703125
0 0.553125 0.44921875 0.00625 0.01171875
0 0.56328125 0.46953125 0.0046875 0.01171875
0 0.57578125 0.47890625 0.0046875 0.00859375
0 0.6015625 0.47578125 0.00390625 0.01015625
0 0.6078125 0.47734375 0.003125 0.00859375
0 0.61171875 0.49296875 0.0046875 0.01015625
0 0.61171875 0.47578125 0.003125 0.00859375
0 0.596875 0.4875 0.00390625 0.01015625
0 0.6 0.61484375 0.00859375 0.01796875
0 0.7015625 0.5359375 0.00390625 0.01171875
0 0.6859375 0.53203125 0.00390625 0.00859375
0 0.64921875 0.56328125 0.00703125 0.01484375
0 0.675 0.58046875 0.00625 0.01328125
0 0.69375 0.57890625 0.00703125 0.01328125
0 0.68828125 0.6015625 0.00625 0.01328125
0 0.65859375 0.603125 0.00703125 0.01171875
0 0.68359375 0.62109375 0.0078125 0.01640625
0 0.6390625 0.6046875 0.00703125 0.01484375
0 0.6515625 0.61953125 0.0078125 0.01484375
0 0.62421875 0.61484375 0.0078125 0.01484375
0 0.63828125 0.67734375 0.00859375 0.021875
0 0.64765625 0.64765625 0.00859375 0.01796875
0 0.67421875 0.66484375 0.00859375 0.01796875
0 0.75859375 0.4359375 0.00390625 0.01015625
0 0.75 0.4625 0.00390625 0.00859375
0 0.73359375 0.4625 0.00390625 0.01015625
0 0.70625 0.4859375 0.00625 0.01328125
0 0.684375 0.4875 0.0046875 0.01171875
0 0.67265625 0.5078125 0.00625 0.01328125
0 0.69375 0.5171875 0.00625 0.01171875
0 0.7140625 0.5125 0.0046875 0.01328125
0 0.72109375 0.50078125 0.0046875 0.01015625
0 0.7359375 0.49921875 0.0046875 0.01171875
0 0.76171875 0.53046875 0.00625 0.01015625
0 0.73359375 0.52265625 0.0046875 0.01015625
0 0.7453125 0.5453125 0.00625 0.01171875
0 0.75078125 0.55859375 0.0078125 0.01484375
0 0.721875 0.58203125 0.00703125 0.01640625
0 0.75703125 0.58359375 0.009375 0.021875
0 0.71171875 0.6234375 0.0078125 0.01640625
0 0.71171875 0.6015625 0.00703125 0.01484375
0 0.7703125 0.59140625 0.0078125 0.01484375
0 0.8046875 0.60703125 0.00625 0.01171875
0 0.7984375 0.63125 0.00859375 0.01484375
0 0.7828125 0.64140625 0.0078125 0.01796875
0 0.7890625 0.68125 0.009375 0.021875
0 0.77265625 0.45625 0.0046875 0.01015625
0 0.77265625 0.44296875 0.00390625 0.00859375
0 0.790625 0.459375 0.00625 0.00859375
0 0.78984375 0.47421875 0.0046875 0.01015625
0 0.75625 0.49921875 0.00625 0.01015625
0 0.78125 0.52109375 0.00625 0.01328125
0 0.78828125 0.50390625 0.00625 0.01171875
0 0.80625 0.5484375 0.00625 0.01015625
0 0.81328125 0.43671875 0.00390625 0.01015625
0 0.8140625 0.45625 0.00625 0.01171875
0 0.83515625 0.45625 0.0046875 0.00859375
0 0.83671875 0.44609375 0.003125 0.00625
0 0.8546875 0.43984375 0.0046875 0.01015625
0 0.859375 0.45625 0.00390625 0.00703125
0 0.87421875 0.45625 0.00390625 0.01171875
0 0.89765625 0.45625 0.0046875 0.00859375
0 0.9 0.47421875 0.0046875 0.00859375
0 0.8796875 0.4859375 0.0046875 0.01015625
0 0.875 0.47265625 0.00390625 0.00703125
0 0.828125 0.515625 0.00625 0.01171875
0 0.853125 0.5453125 0.0078125 0.01328125
0 0.85234375 0.52109375 0.00390625 0.00859375
0 0.87109375 0.53359375 0.00625 0.01171875
0 0.878125 0.58515625 0.0078125 0.01640625
0 0.9234375 0.43984375 0.0046875 0.01015625
0 0.93671875 0.43828125 0.00390625 0.01015625
0 0.95078125 0.44296875 0.003125 0.01015625
0 0.91640625 0.4546875 0.0046875 0.01171875
0 0.9015625 0.490625 0.00625 0.00859375
0 0.88984375 0.4640625 0.00390625 0.00859375
0 0.903125 0.50390625 0.00625 0.01171875
0 0.91875 0.50390625 0.0046875 0.01015625
0 0.94609375 0.50078125 0.0046875 0.01640625
0 0.9453125 0.4875 0.00625 0.01015625
0 0.965625 0.4875 0.00625 0.01015625
0 0.96953125 0.49765625 0.00703125 0.01171875
0 0.965625 0.5203125 0.0046875 0.01328125
0 0.94921875 0.5359375 0.00390625 0.00703125
0 0.93046875 0.5171875 0.00390625 0.01171875
0 0.9234375 0.52109375 0.0046875 0.00703125
0 0.9296875 0.53515625 0.00625 0.01328125
0 0.90390625 0.53046875 0.00703125 0.01484375
0 0.909375 0.55390625 0.00703125 0.01484375
0 0.98125 0.55 0.00625 0.01484375
0 0.8765625 0.5125 0.00625 0.01015625
0 0.9109375 0.5703125 0.00625 0.01171875
0 0.934375 0.571875 0.00625 0.01328125
0 0.959375 0.575 0.00625 0.01171875
0 0.9546875 0.56328125 0.0046875 0.01015625
0 0.98671875 0.571875 0.00703125 0.01640625
0 0.934375 0.5953125 0.00703125 0.01328125
0 0.9140625 0.603125 0.009375 0.02109375
0 0.975 0.60859375 0.00859375 0.01640625
0 0.93203125 0.6359375 0.00859375 0.01953125
0 0.98125 0.63828125 0.00703125 0.01484375
0 0.95390625 0.67890625 0.00859375 0.02109375
0 0.96953125 0.56171875 0.0046875 0.01328125
0 0.87421875 0.67265625 0.0109375 0.021875
0 0.88359375 0.659375 0.0078125 0.01484375
0 0.8578125 0.53203125 0.00703125 0.01171875
0 0.8796875 0.5703125 0.0078125 0.01484375
0 0.778125 0.5421875 0.0078125 0.01484375
0 0.80546875 0.50078125 0.0046875 0.01171875
0 0.746875 0.59140625 0.009375 0.0234375
0 0.20625 0.69296875 0.009375 0.01796875
0 0.5640625 0.50078125 0.0046875 0.00859375
0 0.27734375 0.4875 0.00390625 0.00859375