0 0.93125 0.5453125 0.0109375 0.02109375
0 0.87421875 0.55625 0.00859375 0.015625
0 0.821875 0.571875 0.00703125 0.0140625
0 0.79140625 0.5828125 0.00703125 0.0109375
0 0.76640625 0.584375 0.00625 0.009375
0 0.89609375 0.621875 0.00703125 0.009375
0 0.96328125 0.61953125 0.00859375 0.0109375
0 0.83515625 0.60703125 0.00625 0.0125
0 0.68359375 0.59296875 0.00625 0.00859375
0 0.64375 0.5953125 0.0046875 0.00859375
0 0.60625 0.596875 0.0046875 0.00859375
0 0.56484375 0.5953125 0.0046875 0.00859375
0 0.53046875 0.596875 0.0046875 0.00546875
0 0.48984375 0.596875 0.0046875 0.00859375
0 0.425 0.596875 0.0046875 0.009375
0 0.4515625 0.596875 0.0046875 0.00859375
0 0.38359375 0.2875 0.021875 0.0359375
0 0.20390625 0.30703125 0.02734375 0.0390625
0 0.0328125 0.5453125 0.01640625 0.0265625
0 0.084375 0.55390625 0.0171875 0.0234375
0 0.24140625 0.5734375 0.0109375 0.01953125
0 0.3578125 0.6 0.00625 0.009375
0 0.80546875 0.60234375 0.0046875 0.0109375
0 0.2875 0.6328125 0.0046875 0.0109375
0 0.2375 0.621875 0.0046875 0.00859375
0 0.390625 0.61796875 0.00390625 0.00703125
0 0.4078125 0.61953125 0.00390625 0.00546875