0 0.575 0.35859375 0.0859375 0.06328125
0 0.21953125 0.38203125 0.01484375 0.0171875
0 0.28984375 0.37421875 0.0125 0.0171875
0 0.34609375 0.39375 0.01484375 0.0171875
0 0.359375 0.35078125 0.0140625 0.0140625
0 0.2046875 0.359375 0.0140625 0.0171875
0 0.128125 0.3671875 0.0140625 0.0171875
0 0.0546875 0.37578125 0.015625 0.01484375
0 0.0671875 0.33828125 0.01484375 0.01328125
0 0.14765625 0.36328125 0.01171875 0.01484375
0 0.184375 0.3796875 0.009375 0.01328125
0 0.0078125 0.3703125 0.01171875 0.01328125
0 0.00546875 0.34765625 0.00859375 0.01328125
0 0.69609375 0.39453125 0.015625 0.01953125
0 0.6703125 0.36328125 0.0125 0.01484375
0 0.6453125 0.4 0.0140625 0.01796875
0 0.77421875 0.40390625 0.02265625 0.01328125
0 0.84296875 0.3984375 0.01171875 0.0109375
0 0.83515625 0.41953125 0.0140625 0.01484375
0 0.88125 0.4234375 0.015625 0.01796875
0 0.171875 0.5234375 0.0171875 0.01796875
0 0.1140625 0.51875 0.01640625 0.01640625
0 0.13984375 0.5546875 0.01640625 0.01875
0 0.23515625 0.52734375 0.01640625 0.0203125
0 0.2625 0.50078125 0.01640625 0.01953125
0 0.2875 0.47890625 0.01484375 0.01640625
0 0.30625 0.52109375 0.01640625 0.01875
0 0.209375 0.503125 0.01484375 0.01796875
0 0.221875 0.484375 0.0140625 0.0171875
0 0.17109375 0.47109375 0.01640625 0.01953125
0 0.10859375 0.4734375 0.01484375 0.01640625
0 0.05234375 0.4703125 0.01875 0.01796875
0 0.28671875 0.5546875 0.01640625 0.01875
0 0.28984375 0.5796875 0.01640625 0.0171875
0 0.246875 0.5828125 0.01875 0.01640625
0 0.17890625 0.58359375 0.01640625 0.01953125
0 0.2296875 0.6140625 0.01953125 0.021875
0 0.2890625 0.6109375 0.01953125 0.01875
0 0.36328125 0.64375 0.05859375 0.05546875
0 0.26640625 0.6390625 0.01953125 0.02265625
0 0.28984375 0.67265625 0.0171875 0.02109375
0 0.3421875 0.6078125 0.015625 0.01875
0 0.35 0.5890625 0.015625 0.0171875
0 0.18671875 0.7640625 0.02265625 0.02890625
0 0.2109375 0.79765625 0.025 0.0234375
0 0.18046875 0.9203125 0.025 0.028125
0 0.240625 0.953125 0.021875 0.02578125
0 0.25625 0.90859375 0.02421875 0.02578125
0 0.04765625 0.6625 0.09453125 0.0609375
0 0.5171875 0.13203125 0.01484375 0.0171875
0 0.621875 0.13828125 0.0125 0.01640625
0 0.6890625 0.15625 0.0125 0.015625
0 0.60078125 0.109375 0.0171875 0.01640625
0 0.60078125 0.06015625 0.01484375 0.01796875
0 0.78671875 0.0734375 0.01484375 0.01171875
0 0.75703125 0.3734375 0.01640625 0.01328125
0 0.9875 0.36953125 0.0140625 0.0140625
0 0.7015625 0.5140625 0.015625 0.01796875
0 0.7296875 0.49453125 0.01484375 0.01640625
0 0.7765625 0.53125 0.01484375 0.015625
0 0.80625 0.5421875 0.015625 0.0171875
0 0.81796875 0.51875 0.01484375 0.015625
0 0.83046875 0.49765625 0.0125 0.015625
0 0.86015625 0.51875 0.0140625 0.0171875
0 0.85625 0.54375 0.0140625 0.0171875
0 0.9046875 0.553125 0.0140625 0.0140625
0 0.92890625 0.52109375 0.01875 0.01796875
0 0.9203125 0.49765625 0.015625 0.01640625
0 0.97578125 0.503125 0.01484375 0.0171875
0 0.96484375 0.52578125 0.0140625 0.01328125
0 0.97265625 0.571875 0.015625 0.0171875
0 0.9203125 0.5734375 0.015625 0.01796875
0 0.79140625 0.59765625 0.01640625 0.0171875
0 0.7171875 0.5421875 0.015625 0.0171875
0 0.68046875 0.5703125 0.0140625 0.0171875
0 0.68828125 0.59140625 0.0171875 0.01875
0 0.5875 0.5875 0.01875 0.01875
0 0.5828125 0.565625 0.01640625 0.01875
0 0.684375 0.6203125 0.01640625 0.0203125
0 0.7296875 0.6203125 0.01640625 0.0171875
0 0.7828125 0.621875 0.0171875 0.015625
0 0.7203125 0.6703125 0.01875 0.02109375
0 0.72421875 0.65078125 0.01640625 0.01953125
0 0.66953125 0.67734375 0.01875 0.0203125
0 0.65390625 0.70546875 0.01875 0.01953125
0 0.7140625 0.7 0.021875 0.0203125
0 0.7609375 0.70703125 0.01875 0.01796875
0 0.7734375 0.67421875 0.01953125 0.02109375
0 0.8234375 0.6546875 0.015625 0.0171875
0 0.8484375 0.62890625 0.015625 0.01640625
0 0.89375 0.671875 0.01875 0.01875
0 0.93046875 0.6515625 0.0171875 0.0171875
0 0.9203125 0.60078125 0.0140625 0.01640625
0 0.946875 0.609375 0.01640625 0.01796875
0 0.85625 0.59765625 0.01953125 0.01953125
0 0.9828125 0.625 0.0171875 0.01953125
0 0.93671875 0.68203125 0.015625 0.0171875
0 0.95859375 0.69140625 0.01484375 0.0125
0 0.93203125 0.709375 0.01640625 0.015625
0 0.95703125 0.73828125 0.0171875 0.01953125
0 0.9921875 0.7390625 0.015625 0.01953125
0 0.9953125 0.68515625 0.00859375 0.01875
0 0.73125 0.8734375 0.0234375 0.028125
0 0.73359375 0.81796875 0.02265625 0.02578125
0 0.66328125 0.81328125 0.0203125 0.02421875
0 0.6796875 0.790625 0.021875 0.0234375
0 0.9890625 0.9015625 0.021875 0.025
0 0.75703125 0.7375 0.0171875 0.0203125
0 0.71328125 0.7421875 0.01875 0.015625
0 0.64765625 0.659375 0.02265625 0.02265625
0 0.86953125 0.56875 0.01484375 0.0171875
0 0.6921875 0.034375 0.015625 0.01875
0 0.85234375 0.08125 0.01171875 0.01484375
0 0.66875 0.078125 0.0125 0.01640625
0 0.81875 0.065625 0.01171875 0.0140625
0 0.23984375 0.396875 0.01640625 0.01796875
0 0.99140625 0.98359375 0.01640625 0.03203125