0 0.0765625 0.20859375 0.0734375 0.0953125
0 0.471875 0.12265625 0.125 0.15078125
0 0.61640625 0.3796875 0.0234375 0.028125
0 0.6125 0.44375 0.03515625 0.0453125
0 0.6984375 0.4609375 0.046875 0.0328125
0 0.925 0.375 0.03203125 0.03203125
0 0.84375 0.32734375 0.025 0.028125
0 0.884375 0.321875 0.0265625 0.025
0 0.9390625 0.315625 0.025 0.0265625
0 0.984375 0.42578125 0.03125 0.06640625
0 0.7390625 0.4078125 0.0265625 0.034375
0 0.94453125 0.425 0.03984375 0.05625
0 0.665625 0.3765625 0.0296875 0.0296875
0 0.84765625 0.29765625 0.01953125 0.0203125
0 0.809375 0.34296875 0.021875 0.01953125
0 0.7390625 0.3171875 0.0171875 0.01796875
0 0.7765625 0.2921875 0.01484375 0.0203125
0 0.72578125 0.29453125 0.01875 0.02109375
0 0.70234375 0.3015625 0.01484375 0.01875
0 0.84296875 0.25703125 0.0203125 0.02421875
0 0.809375 0.28515625 0.025 0.02421875
0 0.99140625 0.28984375 0.015625 0.0234375
0 0.99296875 0.321875 0.0140625 0.02109375
0 0.99375 0.36640625 0.0125 0.0328125
0 0.71953125 0.1984375 0.01953125 0.0203125
0 0.828125 0.18671875 0.01953125 0.021875
0 0.83359375 0.11875 0.01640625 0.01796875
0 0.90390625 0.1078125 0.01640625 0.01875
0 0.86796875 0.0828125 0.01484375 0.01640625
0 0.80625 0.08359375 0.01484375 0.0171875
0 0.77421875 0.140625 0.0140625 0.01875
0 0.6828125 0.17265625 0.01875 0.021875
0 0.60859375 0.09765625 0.015625 0.01640625
0 0.3109375 0.14140625 0.01484375 0.0140625
0 0.26328125 0.1453125 0.0125 0.01484375
0 0.23359375 0.1046875 0.015625 0.01640625
0 0.290625 0.10703125 0.0140625 0.01484375
0 0.33515625 0.10859375 0.01484375 0.01484375
0 0.2046875 0.2765625 0.015625 0.01796875
0 0.16875 0.24375 0.015625 0.01953125
0 0.10234375 0.1375 0.0203125 0.0140625
0 0.2328125 0.30078125 0.01875 0.0203125
0 0.684375 0.4328125 0.0359375 0.03984375
0 0.31953125 0.06171875 0.0140625 0.01640625
0 0.22265625 0.06328125 0.0140625 0.0140625
0 0.27265625 0.0640625 0.01171875 0.01328125
0 0.1703125 0.0640625 0.0140625 0.0125
0 0.7703125 0.19140625 0.0171875 0.0171875
0 0.73203125 0.16796875 0.01640625 0.01875
0 0.7875 0.1609375 0.015625 0.01796875
0 0.7875 0.32578125 0.021875 0.0234375
0 0.76484375 0.0875 0.01640625 0.01484375
0 0.6734375 0.07265625 0.0125 0.0140625
0 0.8546875 0.1859375 0.01640625 0.01796875
0 0.94375 0.2984375 0.0171875 0.01640625
0 0.36328125 0.07890625 0.0140625 0.01484375
0 0.21171875 0.08984375 0.0125 0.0140625
0 0.31875 0.0859375 0.0125 0.0125
0 0.19921875 0.04296875 0.01171875 0.0140625
0 0.2578125 0.034375 0.01171875 0.01328125
0 0.290625 0.03984375 0.009375 0.01171875
0 0.33671875 0.03203125 0.01171875 0.01328125
0 0.38515625 0.0328125 0.0109375 0.01328125
0 0.14765625 0.04140625 0.009375 0.0109375
0 0.62109375 0.0734375 0.01171875 0.01328125
0 0.73359375 0.0703125 0.0109375 0.01171875
0 0.73515625 0.04453125 0.0125 0.01328125
0 0.73671875 0.01484375 0.0109375 0.0109375
0 0.77578125 0.015625 0.0125 0.0125
0 0.665625 0.02109375 0.0140625 0.01328125
0 0.9125 0.3046875 0.021875 0.021875
0 0.7625 0.33828125 0.01640625 0.0171875
0 0.9671875 0.13515625 0.015625 0.01875
0 0.65078125 0.21328125 0.01640625 0.015625
0 0.27109375 0.0109375 0.01484375 0.0140625
0 0.296875 0.01796875 0.0140625 0.0140625