0 0.69609375 0.71171875 0.00859375 0.015625
0 0.628125 0.7359375 0.00703125 0.015625
0 0.47890625 0.375 0.01875 0.0328125
0 0.371875 0.3140625 0.0203125 0.03828125
0 0.99140625 0.7625 0.00703125 0.01875
0 0.9421875 0.815625 0.00390625 0.0125
0 0.91328125 0.8140625 0.0046875 0.0140625
0 0.2921875 0.69453125 0.009375 0.02109375
0 0.19453125 0.7515625 0.00703125 0.0171875
0 0.12421875 0.80234375 0.00625 0.0171875
0 0.05 0.78984375 0.0078125 0.0171875
0 0.15703125 0.75703125 0.0046875 0.0140625
0 0.0890625 0.76015625 0.0046875 0.0125
0 0.1046875 0.7359375 0.00390625 0.0140625
0 0.06875 0.7328125 0.0078125 0.01875
0 0.04765625 0.715625 0.0046875 0.01015625
0 0.028125 0.69453125 0.00625 0.0140625
0 0.0953125 0.71875 0.0046875 0.0140625
0 0.1390625 0.7046875 0.0046875 0.0125
0 0.00625 0.653125 0.00390625 0.0125
0 0.00859375 0.63046875 0.0046875 0.0140625
0 0.09453125 0.65625 0.0046875 0.0125
0 0.04296875 0.6875 0.00625 0.0140625
0 0.01484375 0.68203125 0.00625 0.01015625
0 0.06953125 0.621875 0.0046875 0.0140625
0 0.11796875 0.75546875 0.00625 0.0140625
0 0.07734375 0.76015625 0.00390625 0.00859375
0 0.07265625 0.8125 0.0046875 0.0140625
0 0.209375 0.77265625 0.0046875 0.015625
0 0.228125 0.7359375 0.00390625 0.0125
0 0.246875 0.7796875 0.00625 0.0125
0 0.2390625 0.77109375 0.0046875 0.01015625
0 0.028125 0.75 0.00625 0.0140625
0 0.0078125 0.71328125 0.00390625 0.01015625
0 0.15625 0.68203125 0.00390625 0.01015625
0 0.175 0.7359375 0.00390625 0.0140625