0 0.1203125 0.5140625 0.0078125 0.01015625
0 0.52578125 0.38671875 0.00859375 0.01015625
0 0.540625 0.36875 0.0078125 0.01171875
0 0.503125 0.34140625 0.0078125 0.01015625
0 0.690625 0.2859375 0.01171875 0.015625
0 0.65234375 0.29375 0.009375 0.0140625
0 0.73828125 0.2546875 0.009375 0.0140625
0 0.546875 0.57890625 0.0140625 0.025
0 0.0171875 0.51796875 0.00703125 0.01171875
0 0.0171875 0.56328125 0.0078125 0.01171875
0 0.09609375 0.52578125 0.00703125 0.01328125
0 0.103125 0.54375 0.00859375 0.01328125
0 0.1890625 0.54921875 0.00859375 0.015625
0 0.93046875 0.21328125 0.0125 0.01796875
0 0.9609375 0.2 0.01171875 0.01953125
0 0.9890625 0.19765625 0.01484375 0.02109375
0 0.9890625 0.26640625 0.0140625 0.025
0 0.865625 0.3203125 0.0140625 0.02109375
0 0.89375 0.31640625 0.0140625 0.02109375
0 0.8984375 0.3421875 0.0140625 0.0234375
0 0.9234375 0.3203125 0.0171875 0.02734375
0 0.959375 0.26796875 0.0125 0.02109375
0 0.93828125 0.33359375 0.0140625 0.025
0 0.9609375 0.359375 0.0171875 0.0328125
0 0.94921875 0.384375 0.01953125 0.034375
0 0.8875 0.39765625 0.0203125 0.03125
0 0.87109375 0.4796875 0.01953125 0.034375
0 0.93828125 0.4796875 0.01875 0.03671875
0 0.909375 0.5265625 0.0109375 0.03828125
0 0.8171875 0.51875 0.01953125 0.034375
0 0.85859375 0.5859375 0.02421875 0.04453125
0 0.8640625 0.62109375 0.0171875 0.02890625
0 0.0515625 0.5375 0.00625 0.01015625
0 0.0578125 0.5296875 0.00625 0.009375
0 0.06796875 0.5265625 0.0046875 0.00625
0 0.07734375 0.5375 0.0109375 0.01796875
0 0.1125 0.52578125 0.00625 0.01171875
0 0.13046875 0.5109375 0.0046875 0.0078125
0 0.115625 0.56171875 0.00625 0.01171875
0 0.12109375 0.56328125 0.00390625 0.01015625
0 0.103125 0.59375 0.0125 0.02734375
0 0.128125 0.5703125 0.00859375 0.0171875
0 0.13984375 0.6 0.0125 0.02578125
0 0.175 0.61171875 0.01875 0.02109375
0 0.196875 0.6078125 0.0140625 0.025
0 0.2234375 0.6015625 0.01171875 0.02890625
0 0.23515625 0.6078125 0.0140625 0.021875
0 0.25859375 0.61328125 0.021875 0.02890625
0 0.27890625 0.6171875 0.01640625 0.02890625
0 0.1578125 0.51875 0.0078125 0.015625
0 0.19453125 0.57109375 0.0109375 0.015625
0 0.20390625 0.54921875 0.0109375 0.015625
0 0.23984375 0.5265625 0.00859375 0.0140625
0 0.31328125 0.56328125 0.009375 0.01796875
0 0.38125 0.54765625 0.0109375 0.021875
0 0.384375 0.5265625 0.009375 0.0171875
0 0.3796875 0.52265625 0.0109375 0.015625
0 0.32890625 0.49765625 0.009375 0.01796875
0 0.33515625 0.478125 0.0125 0.01953125
0 0.3453125 0.465625 0.0078125 0.0140625
0 0.371875 0.4625 0.0078125 0.0140625
0 0.35859375 0.48984375 0.0109375 0.01328125
0 0.36875 0.4484375 0.00625 0.01015625
0 0.35859375 0.4421875 0.00703125 0.01328125
0 0.37265625 0.4328125 0.00703125 0.01015625
0 0.3421875 0.4390625 0.00703125 0.01171875
0 0.3203125 0.44296875 0.0078125 0.01015625
0 0.3109375 0.503125 0.009375 0.01328125
0 0.30078125 0.48984375 0.00625 0.01171875
0 0.284375 0.45625 0.0078125 0.01015625
0 0.24140625 0.50625 0.00859375 0.0171875
0 0.2296875 0.50078125 0.00703125 0.01015625
0 0.384375 0.4140625 0.0078125 0.01171875
0 0.3859375 0.36875 0.00625 0.01171875
0 0.21328125 0.45390625 0.0046875 0.00546875
0 0.221875 0.471875 0.00703125 0.009375
0 0.42734375 0.40390625 0.00703125 0.01328125
0 0.44453125 0.3859375 0.0078125 0.01015625
0 0.47578125 0.33984375 0.0078125 0.01171875
0 0.48515625 0.34765625 0.0078125 0.01015625
0 0.47578125 0.390625 0.00703125 0.01171875
0 0.4890625 0.37890625 0.0078125 0.015625
0 0.4984375 0.38203125 0.00859375 0.0140625
0 0.4921875 0.39765625 0.009375 0.0140625
0 0.4140625 0.4484375 0.0140625 0.0171875
0 0.42109375 0.4328125 0.0046875 0.01015625
0 0.4234375 0.42109375 0.0046875 0.009375
0 0.44140625 0.42734375 0.0078125 0.0140625
0 0.46171875 0.421875 0.0109375 0.0171875
0 0.43828125 0.49296875 0.0125 0.01796875
0 0.4 0.553125 0.01484375 0.021875
0 0.43828125 0.553125 0.01171875 0.021875
0 0.4671875 0.5109375 0.0140625 0.01796875
0 0.484375 0.53359375 0.0140625 0.025
0 0.49296875 0.49140625 0.01171875 0.0234375
0 0.48671875 0.47421875 0.00859375 0.01328125
0 0.49140625 0.4546875 0.0078125 0.01328125
0 0.509375 0.478125 0.01484375 0.015625
0 0.5125 0.45078125 0.0109375 0.0171875
0 0.5328125 0.43828125 0.01171875 0.01953125
0 0.559375 0.41796875 0.01171875 0.01796875
0 0.54921875 0.4546875 0.0109375 0.0140625
0 0.559375 0.45234375 0.0109375 0.01796875
0 0.56953125 0.3265625 0.00859375 0.01171875
0 0.62734375 0.30234375 0.00859375 0.01171875
0 0.61953125 0.3609375 0.0109375 0.01953125
0 0.60625 0.3984375 0.0109375 0.01796875
0 0.60625 0.30703125 0.00859375 0.01328125
0 0.60703125 0.378125 0.0125 0.015625
0 0.65 0.34375 0.0109375 0.0171875
0 0.6609375 0.35390625 0.01171875 0.015625
0 0.67109375 0.33828125 0.00703125 0.015625
0 0.6515625 0.3703125 0.01171875 0.0140625
0 0.6515625 0.390625 0.01171875 0.0171875
0 0.65 0.41328125 0.0125 0.0171875
0 0.6359375 0.43828125 0.009375 0.021875
0 0.60546875 0.4640625 0.01171875 0.025
0 0.63984375 0.46796875 0.01171875 0.02109375
0 0.678125 0.41328125 0.0109375 0.02109375
0 0.69609375 0.42109375 0.01171875 0.025
0 0.71015625 0.39375 0.009375 0.01796875
0 0.70234375 0.3375 0.0109375 0.01953125
0 0.69140625 0.33359375 0.0078125 0.0140625
0 0.75 0.3359375 0.009375 0.01796875
0 0.771875 0.31484375 0.0109375 0.02109375
0 0.7875 0.35 0.0125 0.025
0 0.803125 0.37265625 0.015625 0.0328125
0 0.76484375 0.3578125 0.01171875 0.02109375
0 0.721875 0.41953125 0.01484375 0.02890625
0 0.78125 0.425 0.015625 0.021875
0 0.7875 0.45234375 0.01640625 0.02734375
0 0.68828125 0.4703125 0.01484375 0.025
0 0.69609375 0.52578125 0.02265625 0.03515625
0 0.771875 0.521875 0.021875 0.03828125
0 0.7921875 0.578125 0.021875 0.03828125
0 0.7796875 0.63671875 0.0234375 0.0421875
0 0.14609375 0.52578125 0.00703125 0.01015625
0 0.1515625 0.48515625 0.00625 0.009375
0 0.16484375 0.4875 0.00703125 0.01015625
0 0.19765625 0.5125 0.00859375 0.0140625
0 0.19765625 0.46640625 0.00703125 0.01171875
0 0.20859375 0.46171875 0.0046875 0.01015625
0 0.234375 0.48125 0.0078125 0.009375
0 0.18125 0.48359375 0.0078125 0.01015625
0 0.271875 0.4875 0.00703125 0.01171875
0 0.28828125 0.48984375 0.00859375 0.01328125
0 0.25703125 0.47578125 0.00703125 0.01015625
0 0.30234375 0.465625 0.00703125 0.009375
0 0.31171875 0.4640625 0.00703125 0.01171875
0 0.31328125 0.48515625 0.00859375 0.0140625
0 0.24140625 0.45 0.00703125 0.009375
0 0.246875 0.43671875 0.00703125 0.009375
0 0.2609375 0.446875 0.00625 0.009375
0 0.3 0.45078125 0.00625 0.009375
0 0.275 0.40234375 0.0046875 0.0078125
0 0.2953125 0.39453125 0.0046875 0.0078125
0 0.28359375 0.39765625 0.0046875 0.0078125
0 0.3015625 0.4171875 0.0046875 0.0078125
0 0.2765625 0.43125 0.00625 0.0078125
0 0.32734375 0.41015625 0.00703125 0.01015625
0 0.32890625 0.38671875 0.00703125 0.01015625
0 0.3328125 0.45859375 0.0078125 0.01171875
0 0.365625 0.41015625 0.00703125 0.01171875
0 0.3609375 0.378125 0.00703125 0.009375
0 0.30546875 0.39609375 0.00703125 0.009375
0 0.29375 0.46640625 0.00625 0.009375
0 0.29375 0.44296875 0.00625 0.01015625
0 0.2671875 0.421875 0.00625 0.009375
0 0.51171875 0.58046875 0.015625 0.02578125
0 0.528125 0.6 0.01640625 0.0328125
0 0.5734375 0.56875 0.015625 0.0296875
0 0.58671875 0.63515625 0.01875 0.0328125
0 0.60078125 0.575 0.01640625 0.02734375
0 0.6953125 0.6484375 0.0234375 0.02578125
0 0.5421875 0.321875 0.00703125 0.01171875
0 0.56328125 0.32421875 0.0078125 0.01015625
0 0.58046875 0.3140625 0.00703125 0.01015625
0 0.59140625 0.31640625 0.00703125 0.01015625
0 0.7125 0.3765625 0.0109375 0.0171875
0 0.77109375 0.25 0.00859375 0.0140625
0 0.81328125 0.30703125 0.009375 0.01796875
0 0.83203125 0.240625 0.009375 0.015625
0 0.85390625 0.2953125 0.0125 0.02109375
0 0.86328125 0.2328125 0.01171875 0.01796875
0 0.89921875 0.22109375 0.0140625 0.01953125
0 0.82734375 0.37265625 0.0125 0.01953125
0 0.84375 0.36484375 0.01171875 0.01796875
0 0.8734375 0.3375 0.01171875 0.02109375
0 0.84453125 0.33984375 0.0125 0.0234375
0 0.11484375 0.49921875 0.0046875 0.0078125
0 0.10703125 0.5125 0.00703125 0.01171875
0 0.1390625 0.49140625 0.00625 0.01015625
0 0.4046875 0.36171875 0.0046875 0.0078125
0 0.4359375 0.35546875 0.00625 0.01015625
0 0.39921875 0.38828125 0.00625 0.009375
0 0.003125 0.55703125 0.00625 0.01171875
0 0.00625 0.52265625 0.00625 0.01171875