0 0.94609375 0.3453125 0.01953125 0.03125
0 0.89765625 0.33203125 0.0234375 0.03359375
0 0.8359375 0.29921875 0.0234375 0.0390625
0 0.7765625 0.31875 0.021875 0.0328125
0 0.7125 0.3515625 0.02265625 0.03671875
0 0.65078125 0.34765625 0.02265625 0.0375
0 0.58125 0.33359375 0.02421875 0.03359375
0 0.52265625 0.35 0.0234375 0.03359375
0 0.43125 0.34765625 0.021875 0.03125
0 0.36796875 0.328125 0.02265625 0.03515625
0 0.3 0.32578125 0.02265625 0.03359375
0 0.240625 0.32578125 0.02265625 0.0296875
0 0.171875 0.30625 0.0234375 0.03671875
0 0.11015625 0.3125 0.0234375 0.0328125
0 0.0484375 0.33984375 0.01953125 0.0328125