0 0.490625 0.2203125 0.0796875 0.15390625
0 0.9671875 0.696875 0.0203125 0.03515625
0 0.94375 0.67421875 0.01953125 0.0328125
0 0.91640625 0.69375 0.01875 0.03125
0 0.909375 0.65390625 0.015625 0.0296875
0 0.91640625 0.603125 0.01875 0.02890625
0 0.9484375 0.59921875 0.01484375 0.02890625
0 0.99296875 0.67578125 0.0140625 0.03515625
0 0.9921875 0.6390625 0.015625 0.03671875
0 0.8765625 0.6890625 0.0234375 0.03671875
0 0.8453125 0.65 0.01953125 0.0328125
0 0.88515625 0.615625 0.0203125 0.03515625
0 0.853125 0.6 0.0171875 0.0328125
0 0.8375 0.56640625 0.01640625 0.02890625
0 0.87109375 0.540625 0.01953125 0.0296875
0 0.9171875 0.553125 0.01484375 0.02578125
0 0.9390625 0.53515625 0.01484375 0.03125
0 0.97578125 0.578125 0.01875 0.02890625
0 0.98515625 0.55625 0.015625 0.02890625
0 0.9796875 0.5078125 0.0140625 0.02734375
0 0.8140625 0.634375 0.015625 0.0296875
0 0.825 0.61171875 0.01484375 0.02734375
0 0.809375 0.59921875 0.015625 0.02890625
0 0.79375 0.67734375 0.02421875 0.0375
0 0.7640625 0.6703125 0.021875 0.0375
0 0.725 0.703125 0.02421875 0.0390625
0 0.70390625 0.6734375 0.02265625 0.0375
0 0.65234375 0.6734375 0.0234375 0.040625
0 0.7796875 0.6546875 0.0140625 0.02734375
0 0.76328125 0.62734375 0.01875 0.03125
0 0.61640625 0.54296875 0.01875 0.0328125
0 0.21171875 0.70546875 0.021875 0.03671875
0 0.2671875 0.709375 0.02265625 0.03671875
0 0.3421875 0.65078125 0.0203125 0.02734375
0 0.2859375 0.6578125 0.0171875 0.02890625
0 0.2140625 0.65078125 0.01953125 0.0328125
0 0.26875 0.63046875 0.01640625 0.021875
0 0.16328125 0.64453125 0.0171875 0.03125
0 0.13984375 0.61953125 0.01875 0.0296875
0 0.10859375 0.63515625 0.0171875 0.02890625
0 0.0953125 0.6234375 0.0171875 0.02890625
0 0.940625 0.42421875 0.01640625 0.02578125
0 0.95234375 0.4625 0.015625 0.02734375
0 0.928125 0.45703125 0.01484375 0.025
0 0.875 0.43125 0.01953125 0.0328125
0 0.89375 0.359375 0.015625 0.02578125
0 0.85078125 0.35703125 0.0125 0.0234375
0 0.83125 0.4203125 0.01640625 0.025
0 0.79921875 0.38671875 0.01484375 0.021875
0 0.8046875 0.34921875 0.015625 0.0234375
0 0.7453125 0.446875 0.015625 0.025
0 0.7671875 0.4296875 0.0125 0.0234375
0 0.71953125 0.42734375 0.01484375 0.02578125
0 0.69140625 0.37734375 0.0140625 0.02578125
0 0.76171875 0.37734375 0.0140625 0.025
0 0.73828125 0.3609375 0.01171875 0.01953125
0 0.7578125 0.3515625 0.01171875 0.021875
0 0.75859375 0.33359375 0.0140625 0.01953125
0 0.7046875 0.34140625 0.0140625 0.02578125
0 0.6546875 0.34609375 0.0125 0.02578125
0 0.6734375 0.31015625 0.015625 0.02890625
0 0.7140625 0.31015625 0.01484375 0.0234375
0 0.76640625 0.27890625 0.0140625 0.025
0 0.75703125 0.24765625 0.0125 0.02109375
0 0.7140625 0.24609375 0.01484375 0.021875
0 0.66875 0.2484375 0.015625 0.0234375
0 0.62578125 0.24765625 0.0125 0.0234375
0 0.578125 0.2421875 0.0140625 0.02578125
0 0.61875 0.33203125 0.01171875 0.01953125
0 0.93046875 0.30234375 0.0140625 0.02578125
0 0.940625 0.27109375 0.0125 0.0234375
0 0.96484375 0.296875 0.01171875 0.021875
0 0.98125 0.2421875 0.0125 0.0234375
0 0.95078125 0.24765625 0.01484375 0.02109375
0 0.9390625 0.2046875 0.0125 0.01796875
0 0.9890625 0.4828125 0.0125 0.02109375
0 0.15234375 0.2125 0.01171875 0.02109375
0 0.19140625 0.21640625 0.01171875 0.021875
0 0.23203125 0.24375 0.0125 0.01953125
0 0.25625 0.2734375 0.01171875 0.01953125
0 0.23671875 0.30703125 0.01484375 0.0234375
0 0.2109375 0.32578125 0.0140625 0.01796875
0 0.25859375 0.35546875 0.0109375 0.01796875
0 0.29765625 0.3125 0.0109375 0.021875
0 0.28515625 0.240625 0.0140625 0.02578125
0 0.2796875 0.19140625 0.0125 0.021875
0 0.32734375 0.20703125 0.01484375 0.021875
0 0.390625 0.22109375 0.0140625 0.02109375
0 0.428125 0.2125 0.0140625 0.01796875
0 0.334375 0.103125 0.01171875 0.01796875
0 0.2875 0.11484375 0.0125 0.01953125
0 0.24375 0.11484375 0.0125 0.02109375
0 0.19375 0.09765625 0.0125 0.02109375
0 0.2984375 0.265625 0.0140625 0.025
0 0.1 0.2125 0.071875 0.125
0 0.5875 0.10703125 0.01171875 0.02109375
0 0.5390625 0.09609375 0.01171875 0.02109375
0 0.41953125 0.02890625 0.01484375 0.02109375
0 0.30078125 0.7640625 0.0234375 0.04296875
0 0.3578125 0.72890625 0.01171875 0.021875