0 0.08359375 0.29765625 0.02421875 0.05625
0 0.171875 0.23828125 0.0234375 0.053125
0 0.1734375 0.44140625 0.025 0.0625
0 0.26875 0.234375 0.02421875 0.0546875
0 0.3046875 0.44296875 0.0234375 0.05625
0 0.3671875 0.24140625 0.025 0.05625
0 0.4078125 0.43671875 0.025 0.053125
0 0.478125 0.221875 0.025 0.059375
0 0.5171875 0.43125 0.028125 0.0578125
0 0.59453125 0.2265625 0.0234375 0.0546875
0 0.64921875 0.44609375 0.0234375 0.053125
0 0.69453125 0.21953125 0.0265625 0.0578125
0 0.771875 0.4265625 0.025 0.053125
0 0.81875 0.21640625 0.0265625 0.0546875
0 0.8640625 0.421875 0.028125 0.0578125
0 0.90234375 0.24921875 0.0296875 0.07109375