0 0.6078125 0.1015625 0.0109375 0.01953125
0 0.6453125 0.1 0.0078125 0.015625
0 0.36484375 0.109375 0.00703125 0.015625
0 0.32109375 0.13828125 0.0109375 0.01953125
0 0.35 0.14453125 0.0125 0.01796875
0 0.38359375 0.15390625 0.00859375 0.01328125
0 0.3890625 0.11171875 0.0109375 0.01171875
0 0.4171875 0.12265625 0.00859375 0.0140625
0 0.4390625 0.115625 0.00859375 0.015625
0 0.48515625 0.12109375 0.0109375 0.01953125
0 0.51328125 0.12734375 0.0109375 0.021875
0 0.54375 0.12734375 0.01171875 0.01953125
0 0.5671875 0.13125 0.01171875 0.01953125
0 0.61484375 0.14296875 0.0109375 0.01796875
0 0.64375 0.14609375 0.01171875 0.02109375
0 0.571875 0.18125 0.00859375 0.0171875
0 0.53984375 0.178125 0.009375 0.0171875
0 0.50859375 0.178125 0.0078125 0.0171875
0 0.4734375 0.16171875 0.0109375 0.01796875
0 0.44609375 0.16015625 0.00859375 0.02109375
0 0.40703125 0.15078125 0.01171875 0.01796875
0 0.340625 0.18984375 0.0109375 0.015625
0 0.3390625 0.2359375 0.01171875 0.0296875
0 0.3765625 0.19296875 0.0078125 0.01796875
0 0.40546875 0.19375 0.00859375 0.015625
0 0.43125 0.19765625 0.00859375 0.015625
0 0.46953125 0.196875 0.0109375 0.015625
0 0.5484375 0.2203125 0.009375 0.015625
0 0.3890625 0.25546875 0.01171875 0.01953125
0 0.415625 0.23671875 0.009375 0.01796875
0 0.4421875 0.24453125 0.0109375 0.01796875
0 0.41640625 0.271875 0.0109375 0.01796875
0 0.44375 0.271875 0.009375 0.01953125
0 0.46328125 0.2984375 0.0109375 0.015625
0 0.48359375 0.25390625 0.0078125 0.01796875
0 0.50703125 0.25625 0.0109375 0.01953125
0 0.5171875 0.28125 0.0109375 0.015625
0 0.54296875 0.26171875 0.01171875 0.01953125
0 0.57265625 0.26015625 0.00859375 0.01953125
0 0.5828125 0.29140625 0.0140625 0.021875
0 0.54609375 0.290625 0.01484375 0.01796875
0 0.621875 0.27109375 0.00859375 0.01953125
0 0.65 0.22890625 0.01171875 0.01953125
0 0.64375 0.271875 0.01171875 0.021875
0 0.65546875 0.3046875 0.01171875 0.02109375
0 0.58515625 0.02890625 0.0078125 0.01796875
0 0.66484375 0.04140625 0.0078125 0.01328125
0 0.68828125 0.03671875 0.0125 0.0234375
0 0.72890625 0.0328125 0.00859375 0.01953125
0 0.69453125 0.084375 0.00859375 0.02109375
0 0.671875 0.1109375 0.0078125 0.01953125
0 0.68828125 0.2359375 0.0109375 0.01953125
0 0.78984375 0.12265625 0.0109375 0.0234375
0 0.7546875 0.15625 0.0109375 0.02109375
0 0.759375 0.20078125 0.0125 0.02734375
0 0.79375 0.20859375 0.009375 0.0234375
0 0.78984375 0.2734375 0.00859375 0.01953125
0 0.75390625 0.28125 0.01171875 0.01796875
0 0.7109375 0.2484375 0.009375 0.0171875
0 0.20859375 0.3453125 0.01484375 0.02734375
0 0.3171875 0.42734375 0.015625 0.02890625
0 0.5421875 0.40859375 0.0125 0.025
0 0.61640625 0.42421875 0.01484375 0.025
0 0.6640625 0.49375 0.015625 0.02890625
0 0.06484375 0.02734375 0.00859375 0.01171875
0 0.0859375 0.03125 0.0078125 0.01171875
0 0.02421875 0.05625 0.00859375 0.01328125
0 0.053125 0.06015625 0.00859375 0.0140625
0 0.0796875 0.0640625 0.00703125 0.01328125
0 0.03828125 0.09375 0.0109375 0.0171875
0 0.0640625 0.09765625 0.00859375 0.0140625
0 0.02421875 0.13046875 0.00859375 0.01328125
0 0.02421875 0.16953125 0.009375 0.015625
0 0.05859375 0.13828125 0.0078125 0.015625
0 0.85625 0.26796875 0.009375 0.0234375
0 0.865625 0.2359375 0.009375 0.01796875
0 0.85625 0.17734375 0.009375 0.02734375
0 0.815625 0.134375 0.0078125 0.01796875
0 0.8078125 0.0921875 0.009375 0.01796875
0 0.8765625 0.109375 0.0078125 0.0171875
0 0.89375 0.13671875 0.00859375 0.0171875
0 0.9203125 0.1015625 0.009375 0.02109375
0 0.91328125 0.06015625 0.0109375 0.0140625
0 0.9109375 0.02109375 0.00859375 0.0140625
0 0.934375 0.0296875 0.009375 0.0140625
0 0.9515625 0.06015625 0.009375 0.02109375
0 0.95859375 0.11328125 0.0109375 0.02109375
0 0.9671875 0.15078125 0.0109375 0.025
0 0.921875 0.1546875 0.0140625 0.02734375
0 0.92734375 0.19140625 0.0109375 0.021875
0 0.96953125 0.19375 0.0140625 0.01953125
0 0.95 0.30234375 0.0125 0.0171875
0 0.93828125 0.36875 0.0171875 0.025
0 0.10078125 0.06640625 0.00859375 0.015625
0 0.11796875 0.03671875 0.00859375 0.0140625
0 0.1296875 0.078125 0.0078125 0.01328125
0 0.1203125 0.1015625 0.00859375 0.01328125
0 0.146875 0.125 0.00859375 0.01328125
0 0.10078125 0.18359375 0.00859375 0.01953125
0 0.09921875 0.20859375 0.0109375 0.01796875
0 0.12421875 0.26171875 0.0078125 0.0171875
0 0.1390625 0.1890625 0.00859375 0.01953125
0 0.178125 0.1546875 0.009375 0.01796875
0 0.1546875 0.071875 0.00859375 0.0140625
0 0.146875 0.0296875 0.00703125 0.0171875
0 0.1875 0.046875 0.0078125 0.01171875
0 0.2109375 0.11953125 0.0078125 0.015625
0 0.203125 0.16171875 0.0078125 0.0140625
0 0.2375 0.12734375 0.009375 0.01953125
0 0.21953125 0.1625 0.00859375 0.0171875
0 0.20546875 0.01328125 0.00859375 0.0140625
0 0.2453125 0.0875 0.00859375 0.01328125
0 0.26875 0.06875 0.0078125 0.01328125
0 0.2671875 0.0921875 0.0078125 0.015625
0 0.26875 0.13515625 0.0078125 0.015625
0 0.2921875 0.09609375 0.009375 0.01953125
0 0.29375 0.13671875 0.00859375 0.0171875
0 0.28203125 0.1796875 0.00859375 0.01796875
0 0.23515625 0.2125 0.0109375 0.01953125
0 0.184375 0.209375 0.00703125 0.015625
0 0.2703125 0.22265625 0.0109375 0.0140625
0 0.31171875 0.1796875 0.00859375 0.0171875
0 0.30703125 0.0609375 0.00859375 0.01796875
0 0.29609375 0.0234375 0.009375 0.01953125
0 0.053125 0.17421875 0.00859375 0.015625
0 0.03359375 0.19765625 0.0109375 0.01796875
0 0.07109375 0.203125 0.009375 0.01796875
0 0.07734375 0.17734375 0.009375 0.01796875
0 0.084375 0.14296875 0.00859375 0.0171875
0 0.228125 0.01328125 0.0078125 0.015625
0 0.17265625 0.009375 0.0078125 0.0078125
0 0.34765625 0.0296875 0.0078125 0.015625
0 0.36640625 0.02890625 0.0078125 0.0171875
0 0.38984375 0.040625 0.0078125 0.015625
0 0.43046875 0.040625 0.00859375 0.015625
0 0.4546875 0.040625 0.009375 0.015625
0 0.5109375 0.01171875 0.00703125 0.0140625
0 0.54375 0.021875 0.00859375 0.0171875
0 0.603125 0.02109375 0.0078125 0.01171875
0 0.64140625 0.0328125 0.0078125 0.0171875
0 0.3296875 0.07578125 0.00859375 0.01328125
0 0.3296875 0.09609375 0.0078125 0.01171875
0 0.3546875 0.078125 0.00703125 0.01171875
0 0.3875 0.07421875 0.0109375 0.015625
0 0.42109375 0.07578125 0.0078125 0.01796875
0 0.45625 0.0796875 0.0078125 0.015625
0 0.47890625 0.0796875 0.00859375 0.01796875
0 0.4921875 0.0546875 0.0078125 0.0171875
0 0.50859375 0.05078125 0.0109375 0.015625
0 0.53359375 0.06875 0.00859375 0.0140625
0 0.56875 0.0625 0.0078125 0.0171875
0 0.6390625 0.06484375 0.009375 0.015625
0 0.5109375 0.09375 0.0078125 0.01796875
0 0.534375 0.09765625 0.009375 0.015625
0 0.5734375 0.0921875 0.0109375 0.01953125
0 0.240625 0.171875 0.0109375 0.01953125
0 0.46796875 0.01171875 0.00859375 0.015625
0 0.47734375 0.009375 0.009375 0.015625
0 0.6640625 0.06875 0.009375 0.015625
0 0.59375 0.3109375 0.01171875 0.015625
0 0.8765625 0.06484375 0.00859375 0.01328125
0 0.75703125 0.25 0.009375 0.015625
0 0.7140625 0.19765625 0.0109375 0.02109375
0 0.60625 0.18125 0.01171875 0.01796875
0 0.91015625 0.22890625 0.01171875 0.02109375
0 0.94296875 0.25546875 0.0109375 0.0171875
0 0.921875 0.28359375 0.009375 0.02109375
0 0.68046875 0.321875 0.0125 0.01796875
0 0.00859375 0.03125 0.00859375 0.01328125
0 0.01015625 0.1 0.0109375 0.0140625
0 0.97734375 0.03671875 0.0109375 0.015625