0 0.09609375 0.53515625 0.02421875 0.04140625
0 0.20078125 0.62734375 0.0203125 0.0328125
0 0.2671875 0.6703125 0.01484375 0.0234375
0 0.30390625 0.646875 0.01640625 0.03359375
0 0.56953125 0.3578125 0.03125 0.02890625
0 0.45859375 0.515625 0.028125 0.03515625
0 0.01640625 0.86171875 0.00703125 0.01171875
0 0.0265625 0.88515625 0.00703125 0.01015625
0 0.034375 0.859375 0.0078125 0.01171875
0 0.04921875 0.8734375 0.00703125 0.01015625
0 0.04296875 0.86328125 0.00390625 0.009375
0 0.03203125 0.8375 0.0046875 0.0078125
0 0.021875 0.84375 0.0046875 0.00625
0 0.03984375 0.8453125 0.00390625 0.0078125
0 0.05078125 0.84609375 0.00390625 0.0078125
0 0.04921875 0.85546875 0.0046875 0.00625
0 0.05546875 0.8421875 0.003125 0.0078125
0 0.0609375 0.84375 0.00390625 0.00625
0 0.065625 0.8453125 0.003125 0.00625
0 0.071875 0.8421875 0.00390625 0.00625
0 0.059375 0.86328125 0.00625 0.01171875
0 0.06953125 0.8671875 0.00625 0.01171875
0 0.075 0.87109375 0.00390625 0.009375
0 0.0859375 0.875 0.00390625 0.01015625
0 0.11953125 0.884375 0.0046875 0.01015625
0 0.125 0.884375 0.00390625 0.009375
0 0.15078125 0.88125 0.00703125 0.009375
0 0.1453125 0.890625 0.00625 0.0078125
0 0.22421875 0.9 0.003125 0.0078125
0 0.2375 0.90234375 0.00390625 0.009375
0 0.23203125 0.90234375 0.0046875 0.00625
0 0.28828125 0.89609375 0.003125 0.00546875
0 0.3078125 0.915625 0.00390625 0.00546875
0 0.284375 0.9140625 0.003125 0.0078125
0 0.321875 0.9078125 0.003125 0.0078125
0 0.334375 0.9078125 0.003125 0.00625
0 0.3484375 0.90625 0.00390625 0.00625
0 0.3625 0.90625 0.003125 0.00546875
0 0.365625 0.91953125 0.00390625 0.00625
0 0.375 0.9078125 0.00390625 0.00625
0 0.38359375 0.91796875 0.0046875 0.00625
0 0.3890625 0.91015625 0.003125 0.00546875
0 0.40078125 0.91015625 0.003125 0.00625
0 0.41171875 0.9046875 0.003125 0.00625
0 0.4265625 0.8921875 0.003125 0.00625
0 0.425 0.9078125 0.003125 0.00546875
0 0.4171875 0.8921875 0.003125 0.00546875
0 0.46796875 0.90390625 0.003125 0.0078125
0 0.45390625 0.90625 0.003125 0.00546875
0 0.3984375 0.90234375 0.00390625 0.0078125
0 0.38828125 0.90078125 0.003125 0.00625
0 0.4734375 0.89453125 0.003125 0.00546875
0 0.48046875 0.8921875 0.00390625 0.00625
0 0.49140625 0.890625 0.00390625 0.0078125
0 0.49453125 0.88828125 0.003125 0.00546875
0 0.48125 0.88515625 0.003125 0.00546875
0 0.52421875 0.91171875 0.00390625 0.0078125
0 0.53125 0.91171875 0.00390625 0.00546875
0 0.55703125 0.9078125 0.003125 0.0078125
0 0.57109375 0.90625 0.00390625 0.00625
0 0.5796875 0.91015625 0.003125 0.009375
0 0.5921875 0.90859375 0.003125 0.00625
0 0.590625 0.8921875 0.003125 0.00546875
0 0.53984375 0.896875 0.00390625 0.00625
0 0.5890625 0.91953125 0.00390625 0.00625
0 0.60546875 0.90625 0.00390625 0.0078125
0 0.6390625 0.91015625 0.003125 0.00625
0 0.64765625 0.90859375 0.003125 0.00546875
0 0.6203125 0.9078125 0.00390625 0.00625
0 0.6078125 0.875 0.003125 0.00625
0 0.70390625 0.9 0.00390625 0.00625
0 0.728125 0.90390625 0.0046875 0.0078125
0 0.734375 0.890625 0.00390625 0.0078125
0 0.74375 0.91953125 0.0046875 0.0078125
0 0.7453125 0.9046875 0.00390625 0.0078125
0 0.7703125 0.9 0.00390625 0.00625
0 0.77734375 0.89609375 0.00390625 0.00625
0 0.78203125 0.89453125 0.0046875 0.00625
0 0.79140625 0.89453125 0.003125 0.00546875
0 0.79375 0.890625 0.003125 0.0078125
0 0.8 0.89609375 0.003125 0.00625
0 0.80703125 0.890625 0.003125 0.00625
0 0.815625 0.88828125 0.00390625 0.00625
0 0.81484375 0.8984375 0.0046875 0.0078125
0 0.82578125 0.8765625 0.0046875 0.009375
0 0.7421875 0.86953125 0.0015625 0.00546875
0 0.73203125 0.87109375 0.003125 0.00546875
0 0.7515625 0.8671875 0.003125 0.00546875
0 0.76640625 0.8671875 0.0015625 0.00390625
0 0.746875 0.88671875 0.0046875 0.01015625
0 0.77421875 0.88046875 0.00390625 0.0078125
0 0.8421875 0.85703125 0.003125 0.00625
0 0.8375 0.88671875 0.0046875 0.0078125
0 0.84921875 0.88828125 0.0046875 0.00625
0 0.86328125 0.884375 0.00625 0.01015625
0 0.84453125 0.8828125 0.00390625 0.00625
0 0.86875 0.88515625 0.00625 0.0078125
0 0.8671875 0.8765625 0.00390625 0.00625
0 0.89765625 0.88046875 0.00625 0.009375
0 0.8859375 0.8828125 0.0046875 0.009375
0 0.88125 0.88125 0.00390625 0.009375
0 0.878125 0.8828125 0.00390625 0.0078125
0 0.875 0.8828125 0.00390625 0.00625
0 0.91328125 0.875 0.00625 0.01015625
0 0.90390625 0.8671875 0.003125 0.00625
0 0.89765625 0.859375 0.00390625 0.00625
0 0.88046875 0.86953125 0.0046875 0.00625
0 0.9078125 0.8578125 0.003125 0.00625
0 0.91328125 0.8609375 0.003125 0.00546875
0 0.92578125 0.8734375 0.00625 0.0078125
0 0.93203125 0.8671875 0.0046875 0.009375
0 0.94140625 0.87265625 0.00625 0.009375
0 0.9421875 0.85390625 0.00625 0.009375
0 0.95078125 0.86875 0.00703125 0.01015625
0 0.99375 0.86953125 0.00625 0.00625
0 0.99296875 0.88515625 0.00703125 0.009375
0 0.965625 0.86484375 0.0046875 0.009375
0 0.95625 0.87109375 0.00625 0.009375
0 0.96015625 0.8671875 0.0046875 0.009375
0 0.95625 0.85703125 0.00390625 0.0078125
0 0.9875 0.8453125 0.0046875 0.0078125
0 0.97421875 0.84375 0.0046875 0.0078125
0 0.96640625 0.853125 0.003125 0.0078125
0 0.9640625 0.84140625 0.00390625 0.00546875
0 0.95390625 0.84375 0.003125 0.00625
0 0.94921875 0.84921875 0.00390625 0.00625
0 0.96171875 0.8296875 0.003125 0.00546875
0 0.6859375 0.521875 0.02421875 0.03671875
0 0.8328125 0.27109375 0.0265625 0.046875