0 0.64921875 0.12421875 0.059375 0.1171875
0 0.39375 0.278125 0.0640625 0.10546875
0 0.20390625 0.24296875 0.05 0.08046875
0 0.165625 0.13046875 0.03515625 0.06171875
0 0.22109375 0.1359375 0.02421875 0.046875
0 0.2765625 0.15078125 0.02734375 0.05859375
0 0.29765625 0.19609375 0.03046875 0.05703125
0 0.3609375 0.159375 0.025 0.04375
0 0.103125 0.03828125 0.03046875 0.05234375
0 0.184375 0.0484375 0.0265625 0.05390625
0 0.40859375 0.05390625 0.0265625 0.05
0 0.3546875 0.03359375 0.0234375 0.04375
0 0.4515625 0.090625 0.02421875 0.04375
0 0.47890625 0.1671875 0.02421875 0.03359375
0 0.56171875 0.17890625 0.028125 0.05390625
0 0.5046875 0.0671875 0.02265625 0.05
0 0.45234375 0.05 0.025 0.0453125
0 0.55390625 0.0703125 0.02734375 0.046875
0 0.6 0.05546875 0.02265625 0.0484375
0 0.85234375 0.40546875 0.02734375 0.05234375
0 0.60078125 0.43359375 0.0328125 0.0640625
0 0.6484375 0.4125 0.03515625 0.06875
0 0.9390625 0.38203125 0.02265625 0.0484375
0 0.98671875 0.38359375 0.02265625 0.046875
0 0.8109375 0.2578125 0.025 0.05390625
0 0.79921875 0.21484375 0.03046875 0.05859375
0 0.86796875 0.2609375 0.025 0.05390625
0 0.89140625 0.13203125 0.0234375 0.05
0 0.79609375 0.0953125 0.0234375 0.0453125
0 0.78203125 0.15078125 0.02265625 0.040625
0 0.73671875 0.08515625 0.02421875 0.05390625
0 0.97890625 0.10234375 0.0421875 0.1140625
0 0.03203125 0.371875 0.03203125 0.05703125
0 0.01328125 0.1640625 0.0265625 0.06875
0 0.96640625 0.19765625 0.02421875 0.04375
0 0.9171875 0.1421875 0.025 0.046875
0 0.48359375 0.24609375 0.02734375 0.0453125
0 0.834375 0.21953125 0.01953125 0.0453125
0 0.5765625 0.13203125 0.02421875 0.03828125
0 0.27265625 0.028125 0.01953125 0.046875