0 0.14140625 0.14453125 0.0234375 0.06875
0 0.2921875 0.19375 0.0296875 0.07421875
0 0.740625 0.28515625 0.02265625 0.0609375
0 0.871875 0.2046875 0.028125 0.0765625
0 0.8296875 0.53125 0.021875 0.04296875
0 0.321875 0.4140625 0.0078125 0.0484375
0 0.40703125 0.4515625 0.0203125 0.06640625
0 0.53359375 0.4765625 0.01640625 0.05625
0 0.5140625 0.4125 0.0125 0.03125
0 0.46484375 0.42578125 0.009375 0.03125
0 0.55234375 0.4125 0.0109375 0.03515625
0 0.49375 0.6390625 0.0203125 0.05078125
0 0.63984375 0.4515625 0.021875 0.053125
0 0.67265625 0.4 0.00859375 0.03125
0 0.9625 0.1625 0.0109375 0.03125
0 0.38125 0.37890625 0.00703125 0.0171875
0 0.8484375 0.1640625 0.0109375 0.025
0 0.41953125 0.4296875 0.0109375 0.02734375
0 0.6296875 0.61328125 0.021875 0.04296875
0 0.4484375 0.38671875 0.0140625 0.02734375
0 0.90546875 0.1953125 0.009375 0.02734375