0 0.23359375 0.22578125 0.0171875 0.0265625
0 0.10390625 0.31015625 0.02265625 0.034375
0 0.41015625 0.08046875 0.021875 0.0265625
0 0.2421875 0.196875 0.015625 0.021875
0 0.4265625 0.33984375 0.01953125 0.03046875
0 0.05703125 0.175 0.01640625 0.03046875
0 0.12578125 0.14765625 0.01484375 0.02109375
0 0.14921875 0.13359375 0.01640625 0.0265625
0 0.184375 0.134375 0.0171875 0.034375
0 0.25078125 0.15625 0.01640625 0.028125
0 0.1578125 0.19921875 0.01953125 0.0265625
0 0.16328125 0.23125 0.01953125 0.03046875
0 0.1921875 0.240625 0.0203125 0.03046875
0 0.084375 0.19453125 0.015625 0.0265625
0 0.0046875 0.0859375 0.0078125 0.03828125
0 0.5609375 0.17265625 0.015625 0.02109375
0 0.6046875 0.18984375 0.0171875 0.03046875
0 0.57890625 0.21015625 0.01640625 0.02421875
0 0.53984375 0.25078125 0.01640625 0.0265625
0 0.3609375 0.15546875 0.01484375 0.0265625
0 0.15546875 0.04296875 0.01484375 0.01796875
0 0.10859375 0.22265625 0.0171875 0.02109375
0 0.053125 0.24296875 0.01953125 0.0265625
0 0.80703125 0.0328125 0.0125 0.0234375
0 0.8875 0.04609375 0.0171875 0.0296875
0 0.40859375 0.1640625 0.01875 0.0234375
0 0.75703125 0.1953125 0.01953125 0.03203125
0 0.8015625 0.1421875 0.0171875 0.0234375
0 0.86015625 0.11953125 0.02265625 0.034375
0 0.8921875 0.14296875 0.01640625 0.028125
0 0.8875 0.11953125 0.0234375 0.0296875
0 0.9703125 0.31640625 0.021875 0.0328125
0 0.6359375 0.0109375 0.0171875 0.021875
0 0.6625 0.0546875 0.0171875 0.02421875
0 0.69140625 0.03046875 0.0140625 0.02109375
0 0.57890625 0.2484375 0.01875 0.0265625
0 0.5015625 0.32265625 0.01875 0.028125
0 0.00859375 0.2421875 0.01484375 0.02421875
0 0.0828125 0.25703125 0.01875 0.02578125
0 0.096875 0.18125 0.0171875 0.02578125
0 0.43046875 0.28359375 0.01484375 0.03203125
0 0.48125 0.26796875 0.01640625 0.03046875
0 0.121875 0.26015625 0.01875 0.02578125
0 0.35625 0.22890625 0.015625 0.02421875
0 0.3390625 0.140625 0.0171875 0.02578125
0 0.09765625 0.14453125 0.0171875 0.02578125
0 0.20390625 0.015625 0.01953125 0.02109375
0 0.2765625 0.0671875 0.01953125 0.0265625
0 0.57578125 0.11953125 0.0203125 0.0296875
0 0.61015625 0.10546875 0.01953125 0.0296875
0 0.94921875 0.184375 0.0171875 0.0265625
0 0.896875 0.28125 0.0234375 0.03828125
0 0.82734375 0.24609375 0.015625 0.028125
0 0.390625 0.47578125 0.03125 0.0546875
0 0.409375 0.1859375 0.01875 0.028125
0 0.4390625 0.2140625 0.01640625 0.02421875
0 0.478125 0.16484375 0.021875 0.0328125
0 0.425 0.13203125 0.01953125 0.03046875
0 0.4515625 0.13828125 0.01640625 0.0234375
0 0.38203125 0.17109375 0.0171875 0.0265625
0 0.3921875 0.1140625 0.01875 0.0296875
0 0.10234375 0.02421875 0.0171875 0.02421875
0 0.6078125 0.31796875 0.02734375 0.0390625
0 0.50859375 0.44765625 0.0328125 0.04765625
0 0.48359375 0.4546875 0.02421875 0.03828125
0 0.01875 0.22109375 0.015625 0.028125
0 0.346875 0.178125 0.01953125 0.0296875
0 0.83515625 0.07109375 0.0203125 0.0328125
0 0.3390625 0.06484375 0.01953125 0.0296875
0 0.15 0.34453125 0.01875 0.0328125
0 0.24375 0.325 0.025 0.040625
0 0.89375 0.22265625 0.01953125 0.03046875
0 0.61875 0.43515625 0.03828125 0.0578125
0 0.57265625 0.434375 0.03203125 0.0578125
0 0.3359375 0.23359375 0.0171875 0.0296875
0 0.33671875 0.2125 0.015625 0.02578125
0 0.69609375 0.18828125 0.01875 0.02578125
0 0.0234375 0.15859375 0.0171875 0.028125
0 0.84453125 0.015625 0.01640625 0.0234375
0 0.95703125 0.04296875 0.01953125 0.0296875
0 0.92109375 0.2125 0.01640625 0.0234375
0 0.96015625 0.209375 0.01640625 0.03046875
0 0.965625 0.259375 0.015625 0.0296875
0 0.6609375 0.22578125 0.01875 0.0296875
0 0.63203125 0.22265625 0.0234375 0.0234375
0 0.2765625 0.23828125 0.01875 0.02578125
0 0.25 0.24453125 0.01953125 0.03046875
0 0.2328125 0.22578125 0.0171875 0.0265625
0 0.56171875 0.1421875 0.01640625 0.03046875
0 0.4609375 0.05859375 0.025 0.03671875
0 0.5109375 0.08046875 0.0140625 0.0296875
0 0.4890625 0.021875 0.015625 0.02578125
0 0.11875 0.18359375 0.01953125 0.03046875
0 0.61015625 0.06484375 0.01953125 0.0265625
0 0.9328125 0.13203125 0.01640625 0.028125
0 0.53125 0.10859375 0.0171875 0.0328125
0 0.48671875 0.12109375 0.01640625 0.028125
0 0.35 0.01953125 0.01953125 0.0265625
0 0.41796875 0.0125 0.021875 0.0234375
0 0.1046875 0.3140625 0.02265625 0.034375
0 0.0515625 0.3296875 0.021875 0.03046875
0 0.8390625 0.21796875 0.01640625 0.02421875
0 0.50625 0.2296875 0.01640625 0.0296875
0 0.51953125 0.1515625 0.01953125 0.028125
0 0.8203125 0.1453125 0.015625 0.0265625
0 0.2875 0.18125 0.0171875 0.0296875
0 0.2203125 0.2125 0.015625 0.0265625
0 0.7796875 0.22578125 0.021875 0.028125
0 0.23671875 0.1109375 0.0203125 0.03515625
0 0.86640625 0.22734375 0.01953125 0.03046875
0 0.74453125 0.24296875 0.0203125 0.02578125
0 0.734375 0.28515625 0.025 0.0390625
0 0.65625 0.32734375 0.021875 0.0265625
0 0.628125 0.25390625 0.0234375 0.0296875
0 0.434375 0.4453125 0.0203125 0.0390625
0 0.16953125 0.2640625 0.0203125 0.03046875
0 0.30390625 0.21015625 0.01953125 0.03203125
0 0.7734375 0.1515625 0.0171875 0.03046875
0 0.77734375 0.0828125 0.0140625 0.02421875
0 0.32265625 0.11484375 0.02265625 0.0296875
0 0.53828125 0.05 0.0171875 0.028125
0 0.57578125 0.02421875 0.01640625 0.0296875
0 0.5421875 0.14765625 0.0171875 0.0296875
0 0.40078125 0.26640625 0.0359375 0.0515625
0 0.78359375 0.3078125 0.028125 0.04921875
0 0.5125 0.18828125 0.0171875 0.0328125
0 0.3046875 0.15546875 0.0171875 0.0296875
0 0.7234375 0.0796875 0.0171875 0.02421875
0 0.74765625 0.15859375 0.0203125 0.0296875
0 0.0484375 0.03515625 0.02421875 0.0296875
0 0.29609375 0.121875 0.01875 0.028125
0 0.87734375 0.16484375 0.01640625 0.0265625
0 0.30234375 0.27421875 0.02265625 0.03203125
0 0.30625 0.32734375 0.0234375 0.03515625
0 0.23125 0.1703125 0.01875 0.028125
0 0.2734375 0.21484375 0.0171875 0.02578125
0 0.253125 0.22109375 0.01875 0.021875
0 0.2546875 0.19921875 0.015625 0.0234375
0 0.040625 0.203125 0.01875 0.0296875
0 0.0078125 0.190625 0.015625 0.02578125
0 0.94375 0.1359375 0.0171875 0.02578125
0 0.584375 0.184375 0.01875 0.0296875