0 0.03125 0.2375 0.01171875 0.0203125
0 0.13984375 0.18125 0.03203125 0.06328125
0 0.253125 0.2578125 0.01171875 0.021875
0 0.3 0.26796875 0.0140625 0.0265625
0 0.3546875 0.2609375 0.01171875 0.021875
0 0.353125 0.40703125 0.015625 0.025
0 0.253125 0.4125 0.01484375 0.021875
0 0.40546875 0.24453125 0.015625 0.02890625
0 0.396875 0.29609375 0.0140625 0.025
0 0.37421875 0.33125 0.0125 0.028125
0 0.4421875 0.3078125 0.01640625 0.025
0 0.4453125 0.26796875 0.0140625 0.01640625
0 0.48828125 0.26328125 0.009375 0.0203125
0 0.4875 0.296875 0.01171875 0.0171875
0 0.559375 0.19296875 0.0125 0.0265625
0 0.6046875 0.2515625 0.0125 0.0234375
0 0.5890625 0.328125 0.0140625 0.0265625
0 0.5671875 0.41171875 0.01171875 0.01875
0 0.60390625 0.38515625 0.01484375 0.0234375
0 0.63828125 0.353125 0.0109375 0.021875
0 0.64375 0.24765625 0.01484375 0.025
0 0.5375 0.33203125 0.0265625 0.05234375
0 0.4828125 0.37890625 0.034375 0.06015625
0 0.92265625 0.2375 0.0140625 0.025
0 0.97890625 0.23125 0.0109375 0.01875
0 0.95390625 0.38984375 0.0125 0.021875
0 0.80546875 0.2109375 0.0328125 0.05859375
0 0.85546875 0.25 0.0296875 0.04375
0 0.55 0.446875 0.015625 0.01640625
0 0.996875 0.31796875 0.00625 0.02890625
0 0.00546875 0.346875 0.0109375 0.028125