0 0.0921875 0.27890625 0.03125 0.0625
0 0.19453125 0.27421875 0.03125 0.0625
0 0.14453125 0.52734375 0.0328125 0.0765625
0 0.23359375 0.52109375 0.034375 0.0796875
0 0.2984375 0.28359375 0.0328125 0.0765625
0 0.40546875 0.26953125 0.0328125 0.06875
0 0.39140625 0.51171875 0.034375 0.078125
0 0.51015625 0.25703125 0.03046875 0.0671875
0 0.509375 0.55078125 0.03125 0.0734375
0 0.6046875 0.25390625 0.03125 0.059375
0 0.6390625 0.49609375 0.034375 0.065625
0 0.71328125 0.2234375 0.03046875 0.0640625
0 0.8109375 0.28203125 0.03203125 0.06875
0 0.7796875 0.46015625 0.0375 0.0703125