0 0.90234375 0.2890625 0.0078125 0.015625
0 0.89765625 0.31796875 0.0078125 0.015625
0 0.921875 0.30625 0.009375 0.01484375
0 0.95 0.30625 0.00703125 0.01328125
0 0.5265625 0.2703125 0.009375 0.01875
0 0.53828125 0.26953125 0.00859375 0.0171875
0 0.94375 0.24140625 0.009375 0.01484375
0 0.0875 0.24765625 0.009375 0.015625
0 0.82734375 0.2890625 0.0078125 0.015625
0 0.84375 0.20390625 0.0078125 0.01484375
0 0.83515625 0.1859375 0.009375 0.015625
0 0.846875 0.15 0.0078125 0.01484375
0 0.7296875 0.2375 0.00859375 0.01484375
0 0.934375 0.04375 0.0078125 0.01171875
0 0.3375 0.125 0.00859375 0.015625
0 0.7078125 0.31796875 0.0078125 0.0171875
0 0.3546875 0.36875 0.009375 0.01484375
0 0.8453125 0.11171875 0.00859375 0.0171875
0 0.8234375 0.06796875 0.00703125 0.01484375
0 0.75859375 0.053125 0.00859375 0.01328125
0 0.7953125 0.05703125 0.00703125 0.01328125
0 0.5671875 0.0609375 0.0078125 0.0109375
0 0.5796875 0.05078125 0.0078125 0.01171875
0 0.5953125 0.06796875 0.0078125 0.01328125
0 0.61640625 0.01875 0.00703125 0.01328125
0 0.553125 0.02109375 0.0078125 0.0109375
0 0.5890625 0.1203125 0.00859375 0.009375
0 0.315625 0.10078125 0.00703125 0.01328125
0 0.31796875 0.253125 0.0109375 0.0171875
0 0.35234375 0.24921875 0.01171875 0.0171875
0 0.0171875 0.2015625 0.009375 0.0171875
0 0.88359375 0.1296875 0.0078125 0.01328125
0 0.90703125 0.13515625 0.0078125 0.01171875
0 0.89140625 0.175 0.0078125 0.01484375
0 0.9328125 0.165625 0.009375 0.01484375
0 0.82890625 0.12578125 0.00859375 0.01328125
0 0.74375 0.2453125 0.00703125 0.01484375
0 0.753125 0.265625 0.00859375 0.01484375
0 0.775 0.27578125 0.0078125 0.01484375
0 0.771875 0.2171875 0.0078125 0.01484375
0 0.7765625 0.2375 0.00703125 0.01484375
0 0.81015625 0.2296875 0.00703125 0.01484375
0 0.73046875 0.38046875 0.0140625 0.01875
0 0.78046875 0.37421875 0.0125 0.01875
0 0.6359375 0.384375 0.0140625 0.01875
0 0.82890625 0.01171875 0.00859375 0.0171875
0 0.9125 0.02421875 0.00703125 0.01171875
0 0.89140625 0.02265625 0.00859375 0.01171875
0 0.8671875 0.0265625 0.0078125 0.0109375
0 0.54765625 0.30390625 0.00859375 0.01171875
0 0.28046875 0.2 0.0109375 0.01875
0 0.3234375 0.05859375 0.00859375 0.015625
0 0.3953125 0.1859375 0.00859375 0.01328125
0 0.396875 0.13671875 0.0078125 0.015625
0 0.22578125 0.11015625 0.00859375 0.01328125
0 0.06171875 0.14296875 0.009375 0.01875
0 0.4078125 0.31796875 0.009375 0.0171875
0 0.4125 0.34765625 0.0109375 0.01875
0 0.13125 0.1953125 0.009375 0.01328125
0 0.3078125 0.0265625 0.009375 0.02265625
0 0.29140625 0.2203125 0.00859375 0.01875
0 0.25234375 0.21875 0.0109375 0.015625
0 0.2296875 0.20859375 0.0109375 0.0171875
0 0.22734375 0.18828125 0.009375 0.0171875
0 0.259375 0.16484375 0.00859375 0.01484375
0 0.2484375 0.1515625 0.0078125 0.015625
0 0.22265625 0.13125 0.00625 0.01484375
0 0.9265625 0.2359375 0.00859375 0.01171875
0 0.925 0.19921875 0.00859375 0.0171875
0 0.37265625 0.13515625 0.00703125 0.01328125
0 0.34921875 0.11015625 0.00703125 0.01171875
0 0.3765625 0.0984375 0.0078125 0.01484375
0 0.32734375 0.0265625 0.0078125 0.01328125
0 0.92265625 0.0796875 0.00859375 0.01328125
0 0.496875 0.0625 0.00703125 0.01484375
0 0.378125 0.06875 0.0078125 0.01328125
0 0.5765625 0.30078125 0.01171875 0.01953125
0 0.56171875 0.30078125 0.00703125 0.015625
0 0.61328125 0.253125 0.009375 0.015625
0 0.6 0.334375 0.00859375 0.015625
0 0.5625 0.3421875 0.0078125 0.015625
0 0.621875 0.3078125 0.0078125 0.01875
0 0.41640625 0.15390625 0.00859375 0.01875
0 0.4484375 0.16171875 0.009375 0.015625
0 0.44609375 0.18046875 0.009375 0.015625
0 0.7828125 0.1296875 0.009375 0.01484375
0 0.4890625 0.17734375 0.00859375 0.01484375
0 0.2375 0.30234375 0.0109375 0.01328125
0 0.01484375 0.05703125 0.009375 0.01328125
0 0.03125 0.05546875 0.0078125 0.01171875
0 0.03515625 0.03828125 0.009375 0.015625
0 0.3875 0.2453125 0.0109375 0.01484375
0 0.4125 0.24765625 0.009375 0.01328125
0 0.4265625 0.25703125 0.00859375 0.01953125
0 0.275 0.22265625 0.009375 0.0171875
0 0.23515625 0.03828125 0.00859375 0.01484375
0 0.18828125 0.03046875 0.00703125 0.015625
0 0.19609375 0.015625 0.00703125 0.01484375
0 0.3046875 0.13125 0.0078125 0.01875
0 0.809375 0.2890625 0.009375 0.0171875
0 0.78359375 0.30078125 0.00859375 0.01328125
0 0.3875 0.31796875 0.0078125 0.01875
0 0.4328125 0.0453125 0.0078125 0.01484375
0 0.44375 0.05703125 0.0078125 0.01171875
0 0.44609375 0.04921875 0.00625 0.01171875
0 0.4734375 0.05546875 0.00703125 0.0109375
0 0.4484375 0.0859375 0.0078125 0.01171875
0 0.4375 0.115625 0.0078125 0.01171875
0 0.45625 0.121875 0.0078125 0.01171875
0 0.55625 0.14296875 0.0078125 0.0171875
0 0.3859375 0.12578125 0.00859375 0.01171875
0 0.49921875 0.1390625 0.0078125 0.01328125
0 0.459375 0.0078125 0.00859375 0.0109375
0 0.48046875 0.27578125 0.009375 0.01328125
0 0.45234375 0.25234375 0.00703125 0.01328125
0 0.5078125 0.271875 0.009375 0.01875
0 0.415625 0.10234375 0.00859375 0.01484375
0 0.53046875 0.15625 0.009375 0.01484375
0 0.75546875 0.1234375 0.00859375 0.01484375
0 0.71015625 0.1234375 0.0078125 0.01328125
0 0.7484375 0.1078125 0.00703125 0.0109375
0 0.78203125 0.078125 0.0078125 0.01328125
0 0.7625 0.0875 0.0078125 0.01328125
0 0.89765625 0.10234375 0.00859375 0.0109375
0 0.92890625 0.1234375 0.0078125 0.01171875
0 0.9109375 0.165625 0.00625 0.009375
0 0.90078125 0.23046875 0.00859375 0.01328125
0 0.16015625 0.12734375 0.009375 0.0171875
0 0.75390625 0.15625 0.009375 0.0171875
0 0.7609375 0.00625 0.0078125 0.01171875
0 0.10859375 0.02421875 0.00859375 0.01171875
0 0.09296875 0.02265625 0.01171875 0.01484375
0 0.88125 0.26953125 0.009375 0.015625
0 0.28125 0.0171875 0.009375 0.015625
0 0.86796875 0.06640625 0.009375 0.01484375
0 0.58671875 0.01484375 0.009375 0.01484375
0 0.5265625 0.36640625 0.0140625 0.01875
0 0.7875 0.45234375 0.0171875 0.03046875
0 0.80078125 0.45859375 0.0171875 0.04140625
0 0.0640625 0.41484375 0.0125 0.028125
0 0.05234375 0.3515625 0.0109375 0.02421875
0 0.0859375 0.3484375 0.009375 0.01953125
0 0.0921875 0.3078125 0.0125 0.01875
0 0.075 0.26796875 0.0109375 0.02265625
0 0.103125 0.27421875 0.009375 0.01953125
0 0.10546875 0.24140625 0.009375 0.02109375
0 0.06171875 0.21640625 0.009375 0.02265625
0 0.04609375 0.18828125 0.009375 0.02109375
0 0.03671875 0.14609375 0.00859375 0.02109375
0 0.14921875 0.23046875 0.00859375 0.015625
0 0.14375 0.33671875 0.00859375 0.015625
0 0.10390625 0.32890625 0.0109375 0.01875
0 0.1703125 0.325 0.0109375 0.025
0 0.07109375 0.30625 0.0078125 0.015625
0 0.028125 0.234375 0.009375 0.02109375
0 0.0328125 0.32109375 0.01171875 0.02421875
0 0.046875 0.16875 0.0078125 0.01875
0 0.0453125 0.13125 0.00859375 0.01875
0 0.53828125 0.39921875 0.0125 0.02265625
0 0.54296875 0.13125 0.0078125 0.01171875
0 0.29375 0.25234375 0.009375 0.01953125
0 0.290625 0.3515625 0.0078125 0.01875
0 0.31953125 0.3484375 0.009375 0.02109375
0 0.334375 0.3796875 0.0109375 0.01484375
0 0.296875 0.396875 0.0140625 0.02265625
0 0.3546875 0.4046875 0.01484375 0.02265625
0 0.95 0.025 0.0078125 0.01328125
0 0.71796875 0.02109375 0.0078125 0.0109375
0 0.0671875 0.12890625 0.009375 0.02109375
0 0.09765625 0.1296875 0.009375 0.0171875
0 0.115625 0.12578125 0.009375 0.02421875
0 0.09140625 0.146875 0.0109375 0.01953125
0 0.6171875 0.1046875 0.0078125 0.01484375
0 0.63359375 0.1234375 0.0078125 0.01171875
0 0.6890625 0.11015625 0.0078125 0.01484375
0 0.65 0.04921875 0.009375 0.01484375
0 0.69453125 0.025 0.00703125 0.01484375
0 0.6859375 0.053125 0.0078125 0.01484375
0 0.7234375 0.103125 0.00859375 0.01484375
0 0.63125 0.06875 0.00859375 0.01484375
0 0.853125 0.06640625 0.0078125 0.015625
0 0.03203125 0.02265625 0.00703125 0.01171875
0 0.05625 0.02421875 0.0078125 0.01484375
0 0.06953125 0.0421875 0.0078125 0.01484375
0 0.0828125 0.0328125 0.00859375 0.01875
0 0.08671875 0.0515625 0.00859375 0.015625
0 0.065625 0.0609375 0.009375 0.015625
0 0.08515625 0.0984375 0.00859375 0.015625
0 0.11640625 0.0765625 0.00859375 0.0171875
0 0.13203125 0.0703125 0.00859375 0.0171875
0 0.06328125 0.0796875 0.009375 0.0171875
0 0.0125 0.296875 0.009375 0.01875
0 0.01015625 0.3515625 0.00859375 0.0171875
0 0.14140625 0.0515625 0.00859375 0.01484375
0 0.184375 0.053125 0.00703125 0.01484375
0 0.1921875 0.0515625 0.00859375 0.01484375
0 0.1765625 0.071875 0.009375 0.015625
0 0.15859375 0.08984375 0.00703125 0.01171875
0 0.14375 0.09453125 0.009375 0.01484375
0 0.14140625 0.146875 0.0109375 0.0171875
0 0.346875 0.0703125 0.0078125 0.0109375
0 0.20390625 0.10859375 0.00859375 0.01171875
0 0.18359375 0.09296875 0.0078125 0.01328125
0 0.828125 0.2375 0.009375 0.01171875
0 0.85859375 0.24296875 0.0109375 0.0171875
0 0.8578125 0.3171875 0.00859375 0.01484375
0 0.88203125 0.31015625 0.00859375 0.015625
0 0.86796875 0.27734375 0.009375 0.01484375
0 0.27265625 0.146875 0.009375 0.01484375
0 0.24609375 0.11796875 0.0078125 0.01328125
0 0.25546875 0.1046875 0.00703125 0.009375
0 0.9578125 0.2015625 0.009375 0.0171875
0 0.959375 0.175 0.00859375 0.01484375
0 0.95859375 0.14453125 0.00859375 0.01875
0 0.76171875 0.33125 0.009375 0.0171875
0 0.71484375 0.2734375 0.0078125 0.01875
0 0.67734375 0.25078125 0.00859375 0.01328125
0 0.6875 0.25625 0.009375 0.0171875
0 0.646875 0.24765625 0.01171875 0.01953125
0 0.64140625 0.20546875 0.0109375 0.01484375
0 0.60546875 0.20390625 0.009375 0.01484375
0 0.62421875 0.209375 0.00859375 0.01328125
0 0.58828125 0.19375 0.00859375 0.0109375
0 0.6109375 0.1859375 0.009375 0.01328125
0 0.6234375 0.184375 0.00859375 0.01484375
0 0.6171875 0.13828125 0.0078125 0.01171875
0 0.63984375 0.16171875 0.00859375 0.01484375
0 0.6515625 0.1578125 0.00859375 0.01328125
0 0.6859375 0.165625 0.00859375 0.0171875
0 0.6703125 0.15390625 0.009375 0.01484375
0 0.1421875 0.3875 0.0171875 0.02265625
0 0.909375 0.3703125 0.01484375 0.0171875
0 0.45859375 0.3953125 0.01640625 0.02265625
0 0.51171875 0.384375 0.0140625 0.02421875
0 0.08125 0.190625 0.00859375 0.015625
0 0.065625 0.19609375 0.0109375 0.01953125
0 0.1046875 0.2171875 0.009375 0.015625
0 0.8734375 0.03828125 0.00859375 0.0109375
0 0.89921875 0.08515625 0.00703125 0.01328125
0 0.9828125 0.04765625 0.0078125 0.01328125
0 0.98515625 0.1421875 0.0078125 0.01328125
0 0.5203125 0.3328125 0.009375 0.01328125
0 0.37421875 0.34453125 0.009375 0.015625
0 0.3609375 0.3484375 0.009375 0.0171875
0 0.365625 0.325 0.009375 0.0171875
0 0.39140625 0.34375 0.0078125 0.01875
0 0.96875 0.31015625 0.0078125 0.01484375
0 0.95859375 0.2390625 0.00703125 0.01171875
0 0.98359375 0.2390625 0.00703125 0.01875
0 0.99375 0.20703125 0.00859375 0.015625
0 0.6578125 0.1125 0.0078125 0.01171875
0 0.903125 0.0328125 0.00703125 0.009375
0 0.21015625 0.16875 0.00859375 0.015625
0 0.1046875 0.053125 0.0109375 0.01484375
0 0.128125 0.0546875 0.009375 0.015625
0 0.16328125 0.028125 0.0078125 0.01484375
0 0.284375 0.115625 0.0109375 0.01953125
0 0.2984375 0.146875 0.0078125 0.01875
0 0.0171875 0.10078125 0.009375 0.01953125
0 0.0140625 0.1515625 0.009375 0.01484375
0 0.021875 0.12890625 0.009375 0.0171875
0 0.04921875 0.08515625 0.00703125 0.01875
0 0.46015625 0.1859375 0.0078125 0.0171875
0 0.659375 0.0875 0.00703125 0.01171875
0 0.665625 0.13671875 0.00703125 0.01328125
0 0.16875 0.1671875 0.01171875 0.02265625
0 0.321875 0.1515625 0.009375 0.015625
0 0.2046875 0.3171875 0.0109375 0.01953125
0 0.19453125 0.2390625 0.00703125 0.0171875
0 0.22578125 0.34453125 0.0109375 0.01953125
0 0.23359375 0.31953125 0.0109375 0.0171875
0 0.2765625 0.27421875 0.00859375 0.02109375
0 0.49921875 0.103125 0.00859375 0.015625
0 0.525 0.115625 0.0078125 0.01171875
0 0.4875 0.0625 0.00625 0.01328125
0 0.20078125 0.09140625 0.0109375 0.0109375
0 0.6234375 0.28125 0.0109375 0.0171875
0 0.5203125 0.0375 0.00703125 0.01328125
0 0.5140625 0.09453125 0.00703125 0.01171875
0 0.54140625 0.07265625 0.0046875 0.01171875
0 0.51328125 0.0609375 0.00703125 0.01484375
0 0.49296875 0.0109375 0.00703125 0.01171875
0 0.5421875 0.0515625 0.00625 0.01328125
0 0.50234375 0.01328125 0.00703125 0.015625
0 0.53125 0.0265625 0.0078125 0.01171875
0 0.17578125 0.140625 0.009375 0.01875
0 0.64765625 0.28359375 0.009375 0.015625
0 0.6640625 0.325 0.0078125 0.0171875
0 0.71796875 0.33125 0.00859375 0.01484375
0 0.7359375 0.33671875 0.009375 0.0171875
0 0.7453125 0.33671875 0.00625 0.01484375
0 0.4875 0.03046875 0.0078125 0.01328125
0 0.6921875 0.13515625 0.0078125 0.01484375
0 0.64140625 0.10859375 0.00859375 0.01171875
0 0.6765625 0.1078125 0.0078125 0.01484375
0 0.70234375 0.17734375 0.0078125 0.01171875
0 0.7140625 0.1578125 0.00625 0.01171875
0 0.2640625 0.05703125 0.00859375 0.01953125
0 0.22265625 0.0109375 0.0078125 0.01484375
0 0.3140625 0.0765625 0.0078125 0.01328125
0 0.3 0.078125 0.00625 0.01171875
0 0.925 0.146875 0.00859375 0.01484375
0 0.9734375 0.14453125 0.0078125 0.01484375
0 0.23125 0.12890625 0.0078125 0.01484375
0 0.36640625 0.14296875 0.00703125 0.015625
0 0.86015625 0.29453125 0.009375 0.01484375
0 0.9046875 0.25234375 0.00859375 0.01875
0 0.86953125 0.22578125 0.00859375 0.01484375
0 0.8625 0.1734375 0.00703125 0.01171875
0 0.359375 0.0109375 0.009375 0.0109375
0 0.38828125 0.025 0.00703125 0.01171875
0 0.41875 0.04765625 0.00859375 0.01171875
0 0.2640625 0.2203125 0.00859375 0.0171875
0 0.115625 0.146875 0.0109375 0.01953125
0 0.0453125 0.23046875 0.01171875 0.02421875
0 0.55 0.0453125 0.0125 0.01875
0 0.725 0.17109375 0.009375 0.0171875
0 0.82265625 0.04140625 0.00859375 0.0171875
0 0.77265625 0.053125 0.0109375 0.015625
0 0.81484375 0.12578125 0.0046875 0.0109375
0 0.8640625 0.0859375 0.0046875 0.009375
0 0.91953125 0.1328125 0.0046875 0.01171875
0 0.8171875 0.25078125 0.00703125 0.01171875
0 0.79375 0.2171875 0.00625 0.009375
0 0.8953125 0.159375 0.0078125 0.0109375
0 0.74921875 0.2015625 0.00859375 0.01484375
0 0.740625 0.35703125 0.0078125 0.01328125
0 0.02265625 0.334375 0.01484375 0.02265625
0 0.1203125 0.34765625 0.00859375 0.01875
0 0.16328125 0.053125 0.0109375 0.01328125
0 0.00234375 0.29453125 0.0046875 0.015625
0 0.025 0.41796875 0.01171875 0.025
0 0.99140625 0.32734375 0.0109375 0.0171875
0 0.578125 0.37421875 0.0140625 0.025