0 0.903125 0.24453125 0.0265625 0.06015625
0 0.88984375 0.41484375 0.02734375 0.05859375
0 0.825 0.2671875 0.025 0.05703125
0 0.8265625 0.4328125 0.0296875 0.06328125
0 0.76171875 0.2828125 0.0234375 0.0515625
0 0.7375 0.42109375 0.0296875 0.06171875
0 0.66171875 0.409375 0.0265625 0.06484375
0 0.684375 0.26953125 0.02421875 0.05703125
0 0.61875 0.25234375 0.0265625 0.06171875
0 0.5953125 0.44453125 0.0296875 0.06875
0 0.546875 0.2609375 0.025 0.06171875
0 0.5125 0.4328125 0.03125 0.06328125
0 0.49140625 0.234375 0.02734375 0.06015625
0 0.415625 0.4765625 0.0296875 0.06015625
0 0.4078125 0.2375 0.025 0.05859375
0 0.33984375 0.25078125 0.025 0.06171875
0 0.3328125 0.4234375 0.028125 0.0765625
0 0.11171875 0.25390625 0.028125 0.06328125
0 0.18359375 0.2359375 0.02734375 0.06171875
0 0.1765625 0.453125 0.0328125 0.06875
0 0.25 0.44296875 0.0296875 0.06171875
0 0.275 0.259375 0.03046875 0.06484375