0 0.14921875 0.415625 0.05546875 0.125
0 0.246875 0.209375 0.05078125 0.10078125
0 0.39765625 0.47421875 0.05625 0.11484375
0 0.29453125 0.4140625 0.05546875 0.11171875
0 0.5046875 0.18671875 0.04375 0.0859375
0 0.3796875 0.1578125 0.04609375 0.09921875
0 0.54375 0.46953125 0.0515625 0.1171875
0 0.6515625 0.259375 0.04609375 0.09375
0 0.73203125 0.35859375 0.05 0.10546875
0 0.778125 0.23515625 0.04375 0.0859375
0 0.64453125 0.425 0.05078125 0.11015625
0 0.85078125 0.35390625 0.0546875 0.10859375
0 0.82734375 0.18359375 0.040625 0.08125
0 0.86796875 0.22734375 0.0453125 0.09375