0 0.9125 0.1953125 0.0453125 0.0546875
0 0.88359375 0.28984375 0.03515625 0.04375
0 0.775 0.33671875 0.03515625 0.0515625
0 0.67578125 0.109375 0.03515625 0.05
0 0.54765625 0.1078125 0.03984375 0.0578125
0 0.9125 0.0859375 0.034375 0.046875
0 0.98828125 0.09609375 0.0234375 0.0421875
0 0.4328125 0.13125 0.0375 0.04609375
0 0.3421875 0.13203125 0.034375 0.03828125
0 0.2671875 0.09296875 0.03125 0.05
0 0.31640625 0.29765625 0.03515625 0.04765625
0 0.2046875 0.290625 0.034375 0.05078125
0 0.1609375 0.31953125 0.03203125 0.0390625
0 0.13984375 0.19609375 0.03828125 0.0515625
0 0.03046875 0.3109375 0.03515625 0.0453125
0 0.03984375 0.20625 0.0375 0.05859375
0 0.18046875 0.071875 0.0328125 0.046875
0 0.059375 0.0828125 0.03515625 0.0484375
0 0.71953125 0.01015625 0.02265625 0.0203125