0 0.13515625 0.24296875 0.0265625 0.05
0 0.22734375 0.28125 0.02734375 0.05390625
0 0.171875 0.40390625 0.02734375 0.05234375
0 0.08515625 0.396875 0.028125 0.0484375
0 0.2484375 0.40546875 0.028125 0.05390625
0 0.29765625 0.26484375 0.025 0.05390625
0 0.3703125 0.26171875 0.02734375 0.05859375
0 0.3328125 0.38671875 0.03125 0.05234375
0 0.4171875 0.38203125 0.0296875 0.05546875
0 0.14921875 0.56796875 0.03515625 0.0640625
0 0.27421875 0.5609375 0.03203125 0.06171875
0 0.39140625 0.54140625 0.03203125 0.0640625
0 0.509375 0.5359375 0.03046875 0.065625
0 0.44453125 0.24921875 0.0265625 0.05234375
0 0.52109375 0.24765625 0.0265625 0.05
0 0.503125 0.3671875 0.02734375 0.05234375
0 0.609375 0.2515625 0.02734375 0.05703125
0 0.67265625 0.253125 0.0265625 0.0453125
0 0.7359375 0.2578125 0.02734375 0.05546875
0 0.68125 0.40390625 0.028125 0.05703125
0 0.60234375 0.42578125 0.0296875 0.05703125
0 0.64375 0.55078125 0.034375 0.06328125
0 0.8265625 0.26171875 0.0296875 0.05234375
0 0.76953125 0.3984375 0.02734375 0.0515625
0 0.8859375 0.3984375 0.0296875 0.0640625
0 0.75703125 0.5640625 0.0328125 0.0640625