0 0.2765625 0.09609375 0.00625 0.01171875
0 0.32578125 0.06328125 0.0046875 0.01328125
0 0.31875 0.05 0.0046875 0.01328125
0 0.32734375 0.034375 0.0046875 0.01171875
0 0.2625 0.05 0.0046875 0.01171875
0 0.2765625 0.03125 0.00625 0.01171875
0 0.2671875 0.06328125 0.00625 0.01171875
0 0.3046875 0.0765625 0.00625 0.01171875
0 0.290625 0.07421875 0.0046875 0.01015625
0 0.01640625 0.15859375 0.0078125 0.01328125
0 0.1 0.078125 0.0046875 0.01171875
0 0.1 0.059375 0.00625 0.01171875
0 0.084375 0.07421875 0.00625 0.01171875
0 0.0765625 0.04140625 0.00625 0.01171875
0 0.11015625 0.04609375 0.0046875 0.00859375
0 0.0828125 0.1046875 0.00703125 0.01328125
0 0.04765625 0.1171875 0.00625 0.01328125
0 0.0609375 0.078125 0.00625 0.01015625
0 0.04609375 0.078125 0.00625 0.01015625
0 0.64296875 0.10390625 0.0046875 0.01171875
0 0.65 0.0828125 0.00625 0.01328125
0 0.66875 0.08125 0.00625 0.01171875
0 0.61796875 0.0828125 0.0046875 0.01171875
0 0.63359375 0.0859375 0.00625 0.01015625
0 0.28203125 0.17890625 0.04296875 0.07578125
0 0.20078125 0.14765625 0.04375 0.090625
0 0.1390625 0.15234375 0.00703125 0.01328125
0 0.1546875 0.09609375 0.0046875 0.00703125
0 0.1546875 0.134375 0.00625 0.01328125
0 0.1328125 0.134375 0.00625 0.01171875
0 0.121875 0.15078125 0.00703125 0.01328125
0 0.121875 0.07421875 0.00625 0.01328125
0 0.13828125 0.0765625 0.00703125 0.01328125
0 0.79609375 0.18359375 0.0390625 0.078125
0 0.7984375 0.4125 0.04296875 0.08125
0 0.84921875 0.21328125 0.00703125 0.01171875
0 0.94140625 0.15703125 0.00625 0.01171875
0 0.925 0.15234375 0.0046875 0.01171875
0 0.8859375 0.14921875 0.0046875 0.01015625
0 0.87578125 0.1328125 0.0078125 0.01328125
0 0.56875 0.1875 0.0421875 0.07578125
0 0.6703125 0.165625 0.0390625 0.08125
0 0.6109375 0.1421875 0.00625 0.01171875
0 0.6734375 0.4171875 0.04296875 0.084375
0 0.534375 0.440625 0.04296875 0.0828125
0 0.41640625 0.15859375 0.04375 0.0890625
0 0.42578125 0.42890625 0.04296875 0.0890625
0 0.3 0.4671875 0.04375 0.0859375
0 0.35 0.1359375 0.00625 0.01328125
0 0.365625 0.12734375 0.0046875 0.01171875
0 0.38359375 0.12578125 0.00625 0.01015625
0 0.3234375 0.12421875 0.0046875 0.01171875
0 0.34453125 0.12265625 0.00625 0.01171875
0 0.3734375 0.09453125 0.00625 0.01171875
0 0.3078125 0.1359375 0.0046875 0.01015625
0 0.3046875 0.1078125 0.00625 0.01171875
0 0.09609375 0.15703125 0.00703125 0.01171875
0 0.065625 0.12109375 0.0046875 0.01015625
0 0.0265625 0.12421875 0.00625 0.00859375
0 0.00703125 0.1171875 0.00703125 0.01484375
0 0.0390625 0.06640625 0.00390625 0.00859375
0 0.01875 0.0609375 0.00625 0.01015625
0 0.0015625 0.059375 0.003125 0.01015625
0 0.03984375 0.04296875 0.0046875 0.01015625
0 0.03828125 0.03125 0.00390625 0.00859375
0 0.0125 0.03125 0.0046875 0.01015625
0 0.0578125 0.04296875 0.0046875 0.01015625
0 0.05078125 0.03828125 0.00390625 0.00859375
0 0.071875 0.028125 0.00703125 0.01328125
0 0.0609375 0.0625 0.0046875 0.00859375
0 0.10234375 0.00859375 0.00390625 0.00859375
0 0.109375 0.03125 0.00625 0.01171875
0 0.09453125 0.03671875 0.0046875 0.00859375
0 0.1125 0.01171875 0.0046875 0.00859375
0 0.1296875 0.01640625 0.0046875 0.01015625
0 0.1453125 0.01796875 0.0046875 0.01171875
0 0.13671875 0.04140625 0.00625 0.01171875
0 0.12265625 0.05625 0.0046875 0.01015625
0 0.1125 0.090625 0.00625 0.00859375
0 0.09140625 0.109375 0.0046875 0.01171875
0 0.06953125 0.1421875 0.00703125 0.01171875
0 0.0484375 0.14609375 0.00703125 0.01015625
0 0.0375 0.140625 0.0046875 0.01171875
0 0.003125 0.13515625 0.00625 0.0140625
0 0.1578125 0.0625 0.0046875 0.01171875
0 0.15625 0.03984375 0.00625 0.01015625
0 0.1703125 0.01171875 0.0046875 0.01171875
0 0.18359375 0.01328125 0.00625 0.00859375
0 0.1765625 0.04609375 0.0046875 0.00859375
0 0.23515625 0.09609375 0.00625 0.00859375
0 0.16328125 0.0796875 0.00703125 0.01328125
0 0.17890625 0.0765625 0.0046875 0.00703125
0 0.178125 0.06796875 0.00390625 0.00625
0 0.19609375 0.0625 0.00703125 0.01015625
0 0.24296875 0.1109375 0.0046875 0.01171875
0 0.29296875 0.0890625 0.00625 0.01171875
0 0.2859375 0.06484375 0.00625 0.01015625
0 0.2984375 0.03125 0.0046875 0.01015625
0 0.27265625 0.01484375 0.00625 0.01015625
0 0.31953125 0.1703125 0.00703125 0.00859375
0 0.446875 0.2015625 0.00703125 0.01171875
0 0.321875 0.109375 0.00625 0.01328125
0 0.3171875 0.09140625 0.00625 0.01015625
0 0.32734375 0.0765625 0.0046875 0.01015625
0 0.33515625 0.09140625 0.00390625 0.00859375
0 0.353125 0.09453125 0.00625 0.01171875
0 0.359375 0.109375 0.00625 0.01015625
0 0.346875 0.08125 0.0046875 0.00859375
0 0.3484375 0.06328125 0.00625 0.01171875
0 0.33984375 0.0515625 0.00625 0.00859375
0 0.3140625 0.0328125 0.00390625 0.00859375
0 0.2875 0.021875 0.0046875 0.01015625
0 0.2484375 0.0046875 0.0046875 0.00859375
0 0.2546875 0.01796875 0.00390625 0.01015625
0 0.32890625 0.01640625 0.00625 0.01015625
0 0.31015625 0.01640625 0.0046875 0.01015625
0 0.346875 0.01796875 0.0046875 0.01015625
0 0.353125 0.03671875 0.00625 0.01171875
0 0.3625 0.04609375 0.0046875 0.01171875
0 0.3703125 0.03515625 0.0046875 0.00859375
0 0.36171875 0.034375 0.00703125 0.01171875
0 0.36328125 0.0046875 0.00625 0.00859375
0 0.30546875 0.06640625 0.0046875 0.00859375
0 0.3828125 0.109375 0.00625 0.01171875
0 0.390625 0.09765625 0.00625 0.01171875
0 0.38671875 0.04765625 0.00625 0.01171875
0 0.4515625 0.1453125 0.00625 0.00859375
0 0.48359375 0.13046875 0.00625 0.01171875
0 0.40390625 0.07421875 0.0046875 0.00859375
0 0.428125 0.09609375 0.0046875 0.00625
0 0.43203125 0.0515625 0.00703125 0.00859375
0 0.425 0.03671875 0.00625 0.01015625
0 0.4046875 0.034375 0.0046875 0.00859375
0 0.41875 0.0234375 0.0046875 0.00859375
0 0.434375 0.01796875 0.0046875 0.01171875
0 0.39375 0.00703125 0.00625 0.01015625
0 0.446875 0.0328125 0.00625 0.01171875
0 0.45625 0.06484375 0.00625 0.01171875
0 0.47265625 0.059375 0.00625 0.01171875
0 0.4625 0.04296875 0.00390625 0.00859375
0 0.4734375 0.01484375 0.00625 0.01015625
0 0.48359375 0.00859375 0.00703125 0.01328125
0 0.465625 0.0046875 0.0046875 0.00703125
0 0.4859375 0.0625 0.0046875 0.00859375
0 0.48359375 0.03984375 0.00390625 0.00859375
0 0.4875 0.028125 0.0046875 0.01015625
0 0.47421875 0.025 0.0046875 0.00703125
0 0.4546875 0.03828125 0.00390625 0.00859375
0 0.49375 0.053125 0.0046875 0.01015625
0 0.50703125 0.05 0.00625 0.01328125
0 0.5140625 0.06328125 0.0046875 0.00859375
0 0.5109375 0.03671875 0.00703125 0.01015625
0 0.50234375 0.03125 0.0046875 0.00859375
0 0.5046875 0.00625 0.00390625 0.00703125
0 0.5125 0.021875 0.0046875 0.01015625
0 0.52578125 0.00859375 0.0046875 0.01015625
0 0.50703125 0.10234375 0.0046875 0.01015625
0 0.53203125 0.09921875 0.00625 0.01328125
0 0.53359375 0.06640625 0.0046875 0.01171875
0 0.52734375 0.05 0.00625 0.00859375
0 0.53203125 0.028125 0.0046875 0.00859375
0 0.5375 0.01171875 0.00625 0.01171875
0 0.50859375 0.15078125 0.00625 0.01015625
0 0.528125 0.14375 0.00703125 0.01171875
0 0.5375 0.1328125 0.00625 0.01328125
0 0.53203125 0.12734375 0.00625 0.01171875
0 0.52421875 0.134375 0.0046875 0.00859375
0 0.53671875 0.08125 0.0046875 0.01015625
0 0.5453125 0.09765625 0.0046875 0.00859375
0 0.61953125 0.1328125 0.0046875 0.01015625
0 0.6015625 0.171875 0.00625 0.01015625
0 0.62734375 0.15546875 0.0046875 0.00625
0 0.6046875 0.1046875 0.00625 0.00859375
0 0.6234375 0.10078125 0.0046875 0.00859375
0 0.58671875 0.09140625 0.00625 0.01015625
0 0.59453125 0.084375 0.00625 0.01171875
0 0.578125 0.08125 0.00390625 0.01015625
0 0.5578125 0.08125 0.00390625 0.00703125
0 0.5484375 0.06640625 0.0046875 0.01015625
0 0.57109375 0.06328125 0.00390625 0.01015625
0 0.5890625 0.06640625 0.00625 0.01171875
0 0.59921875 0.0515625 0.0046875 0.01328125
0 0.53984375 0.04140625 0.0046875 0.01015625
0 0.5578125 0.03828125 0.00625 0.01015625
0 0.56640625 0.0265625 0.00625 0.01015625
0 0.55 0.01796875 0.00703125 0.01328125
0 0.5609375 0.01015625 0.0046875 0.01171875
0 0.575 0.03671875 0.0046875 0.01015625
0 0.58359375 0.0234375 0.0046875 0.00859375
0 0.59296875 0.03828125 0.0046875 0.01015625
0 0.5984375 0.01328125 0.00390625 0.00859375
0 0.6125 0.04140625 0.00625 0.00703125
0 0.62734375 0.03984375 0.0046875 0.00859375
0 0.6171875 0.053125 0.00625 0.00859375
0 0.62421875 0.06953125 0.0046875 0.00859375
0 0.6359375 0.053125 0.00625 0.01015625
0 0.6421875 0.06328125 0.0046875 0.01015625
0 0.65390625 0.053125 0.0046875 0.01015625
0 0.64765625 0.04296875 0.00703125 0.01328125
0 0.63984375 0.01953125 0.00703125 0.01328125
0 0.615625 0.0046875 0.0046875 0.00859375
0 0.61796875 0.021875 0.0046875 0.01328125
0 0.60625 0.06796875 0.0046875 0.00859375
0 0.6625 0.06484375 0.0046875 0.01171875
0 0.67109375 0.0546875 0.0046875 0.01015625
0 0.6609375 0.03828125 0.0046875 0.00859375
0 0.65546875 0.025 0.00625 0.01015625
0 0.68671875 0.0546875 0.0046875 0.01171875
0 0.6796875 0.04609375 0.00390625 0.00703125
0 0.68828125 0.0859375 0.00625 0.01171875
0 0.696875 0.10234375 0.00625 0.01484375
0 0.696875 0.07109375 0.0046875 0.01015625
0 0.71171875 0.1640625 0.00625 0.01015625
0 0.73359375 0.15859375 0.00703125 0.01171875
0 0.721875 0.1453125 0.00703125 0.01171875
0 0.75078125 0.17578125 0.00625 0.01015625
0 0.70390625 0.1625 0.00625 0.01015625
0 0.72421875 0.1140625 0.0046875 0.01015625
0 0.71796875 0.10234375 0.0046875 0.01015625
0 0.74453125 0.1453125 0.0046875 0.01015625
0 0.7515625 0.0890625 0.0046875 0.00859375
0 0.76328125 0.0890625 0.0046875 0.01171875
0 0.76953125 0.090625 0.00625 0.00859375
0 0.778125 0.06953125 0.00625 0.01015625
0 0.7625 0.06484375 0.0046875 0.00859375
0 0.73984375 0.059375 0.00703125 0.01015625
0 0.7296875 0.04140625 0.00390625 0.00703125
0 0.74609375 0.03828125 0.00390625 0.00703125
0 0.78203125 0.03671875 0.00390625 0.00859375
0 0.7703125 0.00234375 0.00390625 0.0046875
0 0.753125 0.00234375 0.0046875 0.0046875
0 0.7921875 0.0859375 0.0046875 0.01171875
0 0.8015625 0.10390625 0.00625 0.01015625
0 0.821875 0.12890625 0.00390625 0.01171875
0 0.8171875 0.1453125 0.0046875 0.01171875
0 0.8328125 0.15078125 0.0046875 0.01015625
0 0.8390625 0.13203125 0.00625 0.01171875
0 0.84609375 0.11796875 0.0046875 0.00703125
0 0.853125 0.10234375 0.00625 0.01015625
0 0.85546875 0.15078125 0.00625 0.01328125
0 0.8421875 0.08125 0.0046875 0.01015625
0 0.853125 0.08125 0.0046875 0.00859375
0 0.81328125 0.059375 0.00390625 0.00859375
0 0.7953125 0.0546875 0.0046875 0.01015625
0 0.8234375 0.034375 0.00390625 0.00703125
0 0.80625 0.03125 0.0046875 0.00859375
0 0.83828125 0.03671875 0.0046875 0.00703125
0 0.85703125 0.0328125 0.0046875 0.00859375
0 0.8578125 0.0625 0.00625 0.01015625
0 0.83515625 0.10390625 0.0046875 0.01015625
0 0.8453125 0.09453125 0.0046875 0.00703125
0 0.83515625 0.0828125 0.00390625 0.00625
0 0.896875 0.01484375 0.0046875 0.01171875
0 0.9171875 0.021875 0.0046875 0.01015625
0 0.93046875 0.01484375 0.00625 0.01640625
0 0.87421875 0.0609375 0.0046875 0.00859375
0 0.89140625 0.0609375 0.0046875 0.00859375
0 0.8625 0.1171875 0.0046875 0.01015625
0 0.88984375 0.1046875 0.0046875 0.01015625
0 0.9046875 0.07578125 0.0046875 0.01015625
0 0.89765625 0.11796875 0.00390625 0.01015625
0 0.9109375 0.10234375 0.0046875 0.01015625
0 0.9171875 0.12265625 0.00625 0.00859375
0 0.8921875 0.134375 0.00625 0.01328125
0 0.8765625 0.1734375 0.0046875 0.00703125
0 0.8734375 0.15546875 0.0046875 0.01171875
0 0.93359375 0.12109375 0.00625 0.01171875
0 0.91796875 0.09453125 0.00390625 0.00859375
0 0.9328125 0.09921875 0.00703125 0.01015625
0 0.934375 0.06484375 0.0046875 0.00859375
0 0.946875 0.06640625 0.00390625 0.01015625
0 0.9640625 0.090625 0.00703125 0.01328125
0 0.9890625 0.0515625 0.00390625 0.01015625
0 0.975 0.0765625 0.0046875 0.01015625
0 0.98515625 0.09453125 0.0046875 0.01171875
0 0.99296875 0.0796875 0.0046875 0.01328125
0 0.97890625 0.10625 0.0046875 0.01015625
0 0.9484375 0.134375 0.0046875 0.01328125
0 0.9625 0.1375 0.00625 0.01015625
0 0.98359375 0.15390625 0.0046875 0.01171875
0 0.98828125 0.12578125 0.00625 0.01015625
0 0.96953125 0.15546875 0.00703125 0.01171875
0 0.96015625 0.15234375 0.00625 0.01171875
0 0.93515625 0.14609375 0.0046875 0.01171875
0 0.9078125 0.15703125 0.0046875 0.01171875
0 0.86796875 0.0765625 0.00703125 0.01484375
0 0.790625 0.0296875 0.0046875 0.01015625