0 0.2921875 0.3734375 0.02421875 0.06015625
0 0.32421875 0.3765625 0.021875 0.0546875
0 0.35 0.38359375 0.02265625 0.06015625
0 0.4109375 0.38671875 0.02734375 0.05859375
0 0.4546875 0.375 0.025 0.05703125
0 0.496875 0.38828125 0.02265625 0.05859375
0 0.5234375 0.39375 0.0234375 0.06015625
0 0.5609375 0.36328125 0.02734375 0.05859375
0 0.59921875 0.3953125 0.0265625 0.05859375
0 0.621875 0.38515625 0.0234375 0.05859375
0 0.67109375 0.38984375 0.025 0.05703125
0 0.03984375 0.5703125 0.0171875 0.05625
0 0.64453125 0.36875 0.0171875 0.0484375