0 0.79296875 0.415625 0.0140625 0.02109375
0 0.7203125 0.315625 0.00859375 0.01484375
0 0.99453125 0.32109375 0.00859375 0.015625
0 0.1640625 0.27890625 0.0078125 0.015625
0 0.71171875 0.090625 0.00625 0.0125
0 0.6734375 0.08515625 0.00703125 0.009375
0 0.6359375 0.09140625 0.00703125 0.009375
0 0.6 0.0828125 0.0078125 0.0109375
0 0.621875 0.05234375 0.00625 0.0125
0 0.625 0.0265625 0.0078125 0.0109375
0 0.6609375 0.03203125 0.00703125 0.0125
0 0.68984375 0.05234375 0.00703125 0.0109375
0 0.71796875 0.05234375 0.00703125 0.0125
0 0.7453125 0.0890625 0.00703125 0.0109375
0 0.7546875 0.05859375 0.00703125 0.0125
0 0.69609375 0.03046875 0.00703125 0.01484375
0 0.7640625 0.02890625 0.00625 0.0125
0 0.8375 0.08671875 0.00625 0.0109375
0 0.87578125 0.0828125 0.00703125 0.0125
0 0.98828125 0.08046875 0.0078125 0.0125
0 0.99453125 0.0546875 0.00703125 0.01328125
0 0.96015625 0.0546875 0.00703125 0.0109375
0 0.925 0.05625 0.00703125 0.0109375
0 0.88203125 0.0515625 0.0078125 0.01328125
0 0.853125 0.05 0.00703125 0.0125
0 0.8578125 0.01953125 0.00703125 0.0125
0 0.89375 0.028125 0.00859375 0.01328125
0 0.9296875 0.0234375 0.0078125 0.0125
0 0.96484375 0.01953125 0.0078125 0.0125