0 0.8109375 0.57734375 0.0078125 0.0171875
0 0.78828125 0.58203125 0.00625 0.0125
0 0.7578125 0.57890625 0.009375 0.0171875
0 0.72734375 0.57890625 0.00703125 0.015625
0 0.66015625 0.57734375 0.0078125 0.0171875
0 0.628125 0.57890625 0.00703125 0.015625
0 0.5984375 0.57265625 0.00703125 0.0140625
0 0.56171875 0.57109375 0.00703125 0.0140625
0 0.5359375 0.57578125 0.00703125 0.0125
0 0.503125 0.57109375 0.0078125 0.015625
0 0.45625 0.58671875 0.00703125 0.0171875
0 0.40078125 0.59609375 0.00859375 0.015625
0 0.3625 0.60859375 0.00859375 0.0140625
0 0.31953125 0.60390625 0.0078125 0.015625
0 0.271875 0.61328125 0.00703125 0.015625
0 0.2328125 0.60390625 0.00859375 0.01875
0 0.05390625 0.58515625 0.00859375 0.0234375