0 0.44375 0.76015625 0.00625 0.021875
0 0.04765625 0.79296875 0.00703125 0.01640625
0 0.08671875 0.77265625 0.00703125 0.01796875
0 0.1140625 0.775 0.009375 0.01796875
0 0.05546875 0.73828125 0.0046875 0.0125
0 0.00703125 0.71953125 0.00625 0.01640625
0 0.18671875 0.76953125 0.0078125 0.021875
0 0.16875 0.76953125 0.00703125 0.01796875
0 0.19375 0.82265625 0.00859375 0.01796875
0 0.2046875 0.7546875 0.00625 0.0125
0 0.27421875 0.7546875 0.00703125 0.01484375
0 0.76953125 0.73984375 0.0078125 0.01484375
0 0.4953125 0.75625 0.00625 0.0125