0 0.021875 0.525 0.0078125 0.02421875
0 0.078125 0.41875 0.0078125 0.02109375
0 0.09921875 0.5796875 0.0109375 0.0265625
0 0.0265625 0.60703125 0.00859375 0.02109375
0 0.19609375 0.4640625 0.0109375 0.02421875
0 0.221875 0.4765625 0.0109375 0.02265625
0 0.24921875 0.4484375 0.0078125 0.015625
0 0.1625 0.534375 0.009375 0.02109375
0 0.41328125 0.7625 0.01875 0.03828125
0 0.44375 0.90546875 0.021875 0.015625
0 0.796875 0.64609375 0.015625 0.0328125
0 0.4359375 0.55703125 0.00703125 0.02109375
0 0.4671875 0.5390625 0.00625 0.02109375
0 0.5 0.4609375 0.0078125 0.01015625
0 0.2203125 0.34765625 0.00390625 0.0125
0 0.28984375 0.34921875 0.0046875 0.0125
0 0.415625 0.34375 0.0046875 0.0125
0 0.38828125 0.35390625 0.0046875 0.01015625
0 0.36640625 0.36328125 0.00625 0.0140625
0 0.34453125 0.359375 0.0046875 0.01015625
0 0.33671875 0.33515625 0.00390625 0.01015625
0 0.34296875 0.328125 0.003125 0.00859375
0 0.35078125 0.33359375 0.00390625 0.01015625
0 0.3828125 0.33125 0.00390625 0.01015625
0 0.365625 0.328125 0.0046875 0.0125
0 0.4265625 0.34765625 0.00390625 0.00859375
0 0.45859375 0.328125 0.0046875 0.0125
0 0.7765625 0.39296875 0.00703125 0.015625
0 0.778125 0.3703125 0.0046875 0.0140625
0 0.578125 0.403125 0.00390625 0.01015625
0 0.0078125 0.66484375 0.0140625 0.0296875
0 0.44609375 0.36328125 0.0046875 0.00859375
0 0.8484375 0.35078125 0.00703125 0.0125
0 0.8390625 0.3734375 0.0078125 0.015625
0 0.5609375 0.37734375 0.00703125 0.0125
0 0.503125 0.37734375 0.0046875 0.0140625
0 0.6046875 0.3015625 0.00625 0.0140625
0 0.67265625 0.31953125 0.00625 0.01015625
0 0.53984375 0.31796875 0.0046875 0.0125