0 0.2671875 0.19375 0.05546875 0.090625
0 0.75703125 0.23828125 0.05390625 0.0984375
0 0.4578125 0.23046875 0.0203125 0.0328125
0 0.528125 0.18984375 0.01875 0.034375
0 0.596875 0.18671875 0.01875 0.02890625
0 0.58671875 0.275 0.0203125 0.03828125
0 0.52578125 0.24765625 0.0203125 0.0359375
0 0.496875 0.28046875 0.01953125 0.040625
0 0.71796875 0.125 0.0171875 0.03671875
0 0.80625 0.11875 0.02421875 0.04453125
0 0.8234375 0.2125 0.021875 0.04375
0 0.86953125 0.25 0.0265625 0.040625
0 0.928125 0.11328125 0.01953125 0.0359375
0 0.8703125 0.06953125 0.01875 0.034375
0 0.86953125 0.02890625 0.01640625 0.03046875
0 0.796875 0.0515625 0.0171875 0.02890625
0 0.66484375 0.015625 0.01640625 0.03046875
0 0.73125 0.02265625 0.0203125 0.03671875
0 0.9296875 0.02265625 0.015625 0.03046875
0 0.0140625 0.034375 0.0140625 0.0234375
0 0.0671875 0.04765625 0.01875 0.03046875
0 0.12890625 0.04375 0.0171875 0.02734375
0 0.1859375 0.04375 0.01953125 0.03125
0 0.246875 0.0421875 0.01875 0.0328125
0 0.309375 0.0359375 0.01953125 0.03671875
0 0.99375 0.12265625 0.0125 0.034375
0 0.95625 0.27265625 0.0265625 0.040625
0 0.925 0.2125 0.0234375 0.03984375