0 0.4140625 0.7578125 0.00625 0.00859375
0 0.403125 0.73984375 0.00625 0.009375
0 0.39765625 0.7578125 0.0046875 0.00625
0 0.5046875 0.75703125 0.0078125 0.01171875
0 0.54921875 0.7578125 0.0046875 0.009375
0 0.575 0.76484375 0.00703125 0.009375
0 0.6015625 0.7578125 0.00625 0.00859375
0 0.68671875 0.765625 0.00703125 0.0109375
0 0.63984375 0.8 0.009375 0.009375
0 0.62734375 0.74375 0.00703125 0.00859375
0 0.7375 0.72578125 0.0046875 0.009375
0 0.7125 0.72734375 0.00390625 0.00859375
0 0.7 0.721875 0.0046875 0.00859375
0 0.66875 0.73046875 0.0046875 0.0078125
0 0.7015625 0.75703125 0.0046875 0.01171875
0 0.9 0.7421875 0.0046875 0.00546875
0 0.884375 0.7953125 0.009375 0.01640625
0 0.8234375 0.8 0.009375 0.0140625
0 0.80625 0.8296875 0.0140625 0.0140625
0 0.8953125 0.82109375 0.01171875 0.01796875
0 0.94609375 0.83515625 0.009375 0.01640625
0 0.7875 0.809375 0.00859375 0.0125
0 0.9390625 0.78671875 0.0078125 0.0109375