0 0.77890625 0.284375 0.0265625 0.05703125
0 0.684375 0.36015625 0.009375 0.02265625
0 0.30625 0.1765625 0.01953125 0.05
0 0.353125 0.33828125 0.01953125 0.04296875
0 0.45 0.271875 0.03125 0.0796875
0 0.47109375 0.415625 0.04375 0.05703125
0 0.39375 0.1890625 0.015625 0.04296875
0 0.38046875 0.18046875 0.0109375 0.02578125
0 0.521875 0.23203125 0.0265625 0.06953125
0 0.49765625 0.25625 0.0203125 0.03828125
0 0.3265625 0.16953125 0.0171875 0.04296875
0 0.30390625 0.31875 0.01640625 0.03828125
0 0.27421875 0.13828125 0.0125 0.02265625
0 0.32734375 0.13515625 0.0125 0.02265625
0 0.64140625 0.3515625 0.009375 0.01875
0 0.65 0.37109375 0.009375 0.015625
0 0.66484375 0.3671875 0.00859375 0.02265625
0 0.65625 0.35703125 0.0078125 0.0171875
0 0.5890625 0.3171875 0.00859375 0.02109375
0 0.61640625 0.30859375 0.00859375 0.01875
0 0.6140625 0.24296875 0.0046875 0.0125
0 0.60703125 0.2890625 0.0046875 0.01015625
0 0.62734375 0.37421875 0.00703125 0.015625
0 0.4171875 0.2078125 0.01875 0.04296875
0 0.35859375 0.1765625 0.015625 0.0296875
0 0.60234375 0.334375 0.009375 0.01875
0 0.6421875 0.3171875 0.009375 0.01875
0 0.62890625 0.3953125 0.01953125 0.0296875
0 0.54140625 0.23046875 0.00859375 0.02109375
0 0.58515625 0.2046875 0.01171875 0.02265625
0 0.65234375 0.32421875 0.00625 0.01875