0 0.11171875 0.440625 0.0109375 0.02265625
0 0.13984375 0.440625 0.00859375 0.01875
0 0.20703125 0.4515625 0.009375 0.02421875
0 0.2359375 0.4828125 0.0109375 0.02265625
0 0.2671875 0.45625 0.0109375 0.02265625
0 0.2953125 0.453125 0.0109375 0.02265625
0 0.3484375 0.4546875 0.0109375 0.02421875
0 0.3234375 0.46171875 0.009375 0.02109375
0 0.3875 0.45625 0.009375 0.02421875
0 0.4171875 0.45 0.009375 0.02265625
0 0.4125 0.48125 0.009375 0.02265625
0 0.45703125 0.4515625 0.009375 0.02265625
0 0.48359375 0.4359375 0.009375 0.02265625
0 0.51640625 0.43046875 0.009375 0.02265625
0 0.60078125 0.41875 0.00859375 0.02109375
0 0.64296875 0.41484375 0.0109375 0.02578125
0 0.68359375 0.41875 0.009375 0.028125
0 0.72890625 0.40078125 0.0109375 0.028125
0 0.74296875 0.4046875 0.015625 0.03671875
0 0.8046875 0.43046875 0.009375 0.01875
0 0.9109375 0.38359375 0.0109375 0.028125
0 0.18125 0.440625 0.0078125 0.02109375
0 0.5515625 0.4359375 0.0109375 0.0140625
0 0.65546875 0.41640625 0.00625 0.0125
0 0.434375 0.47734375 0.00703125 0.015625
0 0.4640625 0.440625 0.0046875 0.0125
0 0.7015625 0.409375 0.01640625 0.03984375