0 0.38828125 0.32578125 0.00859375 0.0140625
0 0.36484375 0.3421875 0.0109375 0.02109375
0 0.35078125 0.3109375 0.00625 0.01171875
0 0.37578125 0.31875 0.0046875 0.01015625
0 0.29609375 0.33984375 0.0109375 0.01796875
0 0.25703125 0.35546875 0.01484375 0.025
0 0.5671875 0.35390625 0.00703125 0.01796875
0 0.58515625 0.3453125 0.00859375 0.0171875
0 0.5328125 0.33984375 0.00703125 0.01328125
0 0.56796875 0.49375 0.0109375 0.0140625
0 0.14375 0.24609375 0.00703125 0.0140625
0 0.128125 0.25390625 0.00703125 0.009375
0 0.10390625 0.25390625 0.00703125 0.01328125
0 0.07890625 0.2484375 0.00859375 0.015625
0 0.02265625 0.25234375 0.00703125 0.01328125
0 0.05859375 0.38515625 0.01171875 0.0296875
0 0.07734375 0.36171875 0.0140625 0.0296875
0 0.10859375 0.34765625 0.01484375 0.021875
0 0.1453125 0.34765625 0.01171875 0.0234375
0 0.128125 0.34609375 0.0140625 0.025
0 0.05234375 0.34609375 0.0109375 0.01796875
0 0.00859375 0.359375 0.0078125 0.02734375
0 0.0203125 0.33828125 0.0125 0.01953125
0 0.846875 0.209375 0.00625 0.009375
0 0.94453125 0.1890625 0.00703125 0.0140625
0 0.8828125 0.3609375 0.0078125 0.01328125
0 0.92734375 0.3671875 0.00859375 0.015625
0 0.82421875 0.365625 0.01171875 0.02109375
0 0.8140625 0.3515625 0.0078125 0.015625
0 0.79140625 0.36875 0.0109375 0.021875
0 0.7796875 0.34609375 0.0078125 0.01328125
0 0.771875 0.35 0.0078125 0.0140625
0 0.75546875 0.3515625 0.00859375 0.0140625
0 0.74609375 0.34609375 0.0078125 0.01171875
0 0.73203125 0.36171875 0.00859375 0.01328125
0 0.6859375 0.36953125 0.0078125 0.015625
0 0.71015625 0.3453125 0.00859375 0.01796875
0 0.69609375 0.34140625 0.009375 0.0140625
0 0.67734375 0.3453125 0.00859375 0.0140625
0 0.646875 0.36171875 0.00859375 0.01015625
0 0.659375 0.34375 0.00859375 0.0140625
0 0.62734375 0.30859375 0.00859375 0.0140625
0 0.61328125 0.30234375 0.00390625 0.009375
0 0.6203125 0.35390625 0.00625 0.0140625
0 0.603125 0.3453125 0.0078125 0.015625
0 0.91171875 0.4375 0.0109375 0.03359375
0 0.9921875 0.3578125 0.0078125 0.01328125
0 0.9359375 0.35703125 0.0109375 0.0234375
0 0.8734375 0.35 0.00703125 0.01328125
0 0.32578125 0.27890625 0.0046875 0.00625
0 0.31171875 0.27890625 0.00390625 0.00625
0 0.2984375 0.275 0.003125 0.00546875
0 0.18125 0.25234375 0.00703125 0.01015625
0 0.20234375 0.2515625 0.0078125 0.01171875
0 0.17890625 0.353125 0.01484375 0.03125
0 0.2328125 0.34765625 0.0171875 0.02578125
0 0.21171875 0.33359375 0.01484375 0.03125
0 0.35625 0.3578125 0.01484375 0.0234375
0 0.20390625 0.4625 0.0234375 0.0375
0 0.42265625 0.52734375 0.0171875 0.02890625
0 0.45390625 0.540625 0.0171875 0.0453125
0 0.315625 0.36875 0.009375 0.025
0 0.534375 0.36953125 0.00859375 0.0140625
0 0.48515625 0.359375 0.00703125 0.0171875
0 0.471875 0.365625 0.009375 0.02109375
0 0.45390625 0.34921875 0.0109375 0.021875
0 0.4703125 0.33203125 0.00859375 0.01328125
0 0.50078125 0.33359375 0.0078125 0.01171875
0 0.53984375 0.303125 0.0046875 0.009375
0 0.584375 0.2984375 0.00703125 0.0078125
0 0.4859375 0.3125 0.0046875 0.00625
0 0.41484375 0.3578125 0.0109375 0.01953125
0 0.3953125 0.365625 0.0078125 0.01328125
0 0.41484375 0.334375 0.00859375 0.02109375
0 0.43515625 0.3296875 0.00859375 0.01953125
0 0.3875 0.30703125 0.00859375 0.01171875