0 0.49609375 0.68125 0.0375 0.11328125
0 0.665625 0.759375 0.040625 0.11328125
0 0.92890625 0.7484375 0.05859375 0.1265625
0 0.9625 0.6578125 0.01953125 0.06875
0 0.91640625 0.6421875 0.028125 0.06875
0 0.77890625 0.6484375 0.01640625 0.0546875
0 0.765625 0.6390625 0.0140625 0.0484375
0 0.53984375 0.6015625 0.0109375 0.025
0 0.5203125 0.6171875 0.00859375 0.025
0 0.459375 0.6234375 0.0171875 0.053125
0 0.975 0.5484375 0.00859375 0.0171875
0 0.959375 0.5640625 0.00703125 0.01953125
0 0.94296875 0.540625 0.00703125 0.0140625
0 0.8875 0.66015625 0.01484375 0.040625
0 0.7359375 0.609375 0.00859375 0.0296875
0 0.74765625 0.5765625 0.00859375 0.0296875
0 0.66328125 0.6015625 0.01484375 0.0328125
0 0.57734375 0.5765625 0.00703125 0.025
0 0.7765625 0.6078125 0.021875 0.05078125
0 0.7953125 0.5875 0.009375 0.021875
0 0.28828125 0.75625 0.03515625 0.0859375
0 0.353125 0.81640625 0.04765625 0.12890625
0 0.40625 0.69375 0.02734375 0.0796875
0 0.35 0.65625 0.0171875 0.0484375
0 0.12109375 0.84375 0.02734375 0.08984375
0 0.14765625 0.83203125 0.01953125 0.0859375
0 0.07734375 0.79296875 0.03828125 0.078125
0 0.2328125 0.63671875 0.0109375 0.02734375
0 0.334375 0.65625 0.00859375 0.025
0 0.36875 0.62890625 0.009375 0.0234375
0 0.021875 0.615625 0.00859375 0.0171875
0 0.0296875 0.65234375 0.009375 0.0234375
0 0.03203125 0.71484375 0.0140625 0.0484375
0 0.15234375 0.6578125 0.0078125 0.021875
0 0.15703125 0.69140625 0.0125 0.0328125
0 0.146875 0.69375 0.01171875 0.025
0 0.134375 0.6734375 0.0078125 0.01953125
0 0.9484375 0.6171875 0.009375 0.02734375
0 0.928125 0.553125 0.00703125 0.0171875
0 0.93125 0.57421875 0.00703125 0.025
0 0.9890625 0.571875 0.0078125 0.01953125
0 0.26953125 0.7796875 0.021875 0.06640625
0 0.1890625 0.6234375 0.0078125 0.0140625
0 0.003125 0.6546875 0.00625 0.025
0 0.5625 0.58984375 0.00625 0.015625
0 0.55546875 0.58203125 0.0046875 0.01171875
0 0.7046875 0.6265625 0.009375 0.03125
0 0.2625 0.6875 0.01875 0.04296875
0 0.25390625 0.6640625 0.015625 0.0453125
0 0.80546875 0.7015625 0.021875 0.071875
0 0.7359375 0.584375 0.0109375 0.02734375
0 0.65546875 0.728125 0.0328125 0.09765625