0 0.54296875 0.26953125 0.0171875 0.02890625
0 0.43515625 0.2546875 0.01640625 0.03359375
0 0.41796875 0.25625 0.0140625 0.03359375
0 0.38671875 0.2546875 0.0140625 0.03359375
0 0.34453125 0.22265625 0.0171875 0.03515625
0 0.27578125 0.22109375 0.0125 0.02890625
0 0.346875 0.26328125 0.0109375 0.025
0 0.85546875 0.3453125 0.01953125 0.03984375
0 0.84453125 0.3234375 0.01171875 0.025
0 0.9109375 0.3234375 0.01171875 0.0234375
0 0.2 0.19921875 0.03046875 0.03671875
0 0.47578125 0.26171875 0.0203125 0.03671875
0 0.21015625 0.22265625 0.01484375 0.02890625
0 0.0171875 0.2109375 0.021875 0.03828125