0 0.84296875 0.46484375 0.0140625 0.046875
0 0.43203125 0.57890625 0.028125 0.0640625
0 0.2 0.428125 0.025 0.05859375
0 0.090625 0.29296875 0.0171875 0.04140625
0 0.11953125 0.2234375 0.01484375 0.03828125
0 0.0953125 0.171875 0.00859375 0.02421875
0 0.053125 0.11953125 0.00625 0.0140625
0 0.0265625 0.10234375 0.0046875 0.00859375
0 0.134375 0.11953125 0.00390625 0.015625
0 0.16484375 0.11953125 0.00625 0.0140625
0 0.24921875 0.13359375 0.00703125 0.0125
0 0.271875 0.13671875 0.0046875 0.0125
0 0.12421875 0.50234375 0.03203125 0.08984375
0 0.084375 0.54609375 0.03515625 0.11796875
0 0.47734375 0.5046875 0.021875 0.05859375
0 0.425 0.4921875 0.01953125 0.05234375
0 0.33125 0.32890625 0.01640625 0.0328125
0 0.39375 0.35703125 0.01875 0.04296875
0 0.34296875 0.4 0.0140625 0.03671875
0 0.3671875 0.19609375 0.0078125 0.02265625
0 0.384375 0.1890625 0.009375 0.02265625
0 0.45546875 0.1765625 0.00703125 0.015625
0 0.521875 0.33984375 0.0140625 0.03828125
0 0.5984375 0.30859375 0.009375 0.0296875
0 0.625 0.29453125 0.00625 0.02109375
0 0.65234375 0.31171875 0.009375 0.0328125
0 0.471875 0.2671875 0.0140625 0.0296875
0 0.4875 0.19375 0.0078125 0.02265625
0 0.53125 0.25625 0.0140625 0.02734375
0 0.57578125 0.25625 0.00859375 0.0171875
0 0.546875 0.24921875 0.01171875 0.02265625
0 0.63671875 0.26015625 0.009375 0.02109375
0 0.59765625 0.24296875 0.0078125 0.01875
0 0.6046875 0.2703125 0.0109375 0.02265625
0 0.5390625 0.3 0.009375 0.02734375
0 0.70546875 0.3359375 0.0125 0.03125
0 0.70234375 0.3015625 0.0125 0.0296875
0 0.759375 0.33125 0.0125 0.034375
0 0.80625 0.34296875 0.0125 0.03671875
0 0.88203125 0.346875 0.0125 0.03671875
0 0.909375 0.3515625 0.0140625 0.034375
0 0.85703125 0.346875 0.0109375 0.03125
0 0.84296875 0.37109375 0.01171875 0.03125
0 0.93984375 0.3328125 0.01484375 0.03125
0 0.8328125 0.31875 0.01171875 0.0296875
0 0.86640625 0.3 0.0109375 0.02734375
0 0.9546875 0.35703125 0.01171875 0.03671875
0 0.809375 0.3015625 0.009375 0.02109375
0 0.79765625 0.3046875 0.009375 0.02578125
0 0.78046875 0.31875 0.015625 0.03828125
0 0.82890625 0.284375 0.00859375 0.02734375
0 0.884375 0.3984375 0.01640625 0.02734375
0 0.77265625 0.409375 0.009375 0.03125
0 0.99296875 0.34296875 0.01171875 0.03984375
0 0.96875 0.60859375 0.025 0.07265625
0 0.74453125 0.315625 0.0109375 0.03125