0 0.2921875 0.378125 0.0171875 0.040625
0 0.3109375 0.44609375 0.0203125 0.0421875
0 0.4421875 0.36171875 0.015625 0.0453125
0 0.51640625 0.4265625 0.021875 0.0375
0 0.39453125 0.428125 0.01953125 0.0453125
0 0.1484375 0.340625 0.021875 0.04375
0 0.54765625 0.41328125 0.0109375 0.03203125
0 0.7390625 0.41171875 0.015625 0.0421875
0 0.83671875 0.6578125 0.02265625 0.0484375
0 0.96328125 0.5671875 0.01484375 0.0453125
0 0.78828125 0.3828125 0.015625 0.040625
0 0.89296875 0.34609375 0.01484375 0.040625
0 0.86328125 0.6140625 0.0234375 0.03046875
0 0.70625 0.3765625 0.01640625 0.0390625
0 0.65 0.390625 0.01484375 0.0359375
0 0.66875 0.709375 0.01484375 0.02421875
0 0.653125 0.4796875 0.01953125 0.040625