0 0.10625 0.1859375 0.0765625 0.07421875
0 0.134375 0.228125 0.06640625 0.059375
0 0.3078125 0.17265625 0.03046875 0.04609375
0 0.60234375 0.19453125 0.028125 0.03515625
0 0.67890625 0.1546875 0.0296875 0.0453125
0 0.7125 0.1640625 0.025 0.025
0 0.76640625 0.1875 0.028125 0.0375
0 0.0796875 0.5140625 0.05078125 0.065625
0 0.67890625 0.42890625 0.0453125 0.0578125
0 0.05 0.73828125 0.08203125 0.090625
0 0.9671875 0.22578125 0.0328125 0.03984375
0 0.31640625 0.44453125 0.0078125 0.01171875
0 0.328125 0.4390625 0.0078125 0.009375
0 0.2765625 0.4484375 0.00859375 0.0125
0 0.415625 0.44921875 0.0109375 0.0140625
0 0.44140625 0.446875 0.0078125 0.00859375
0 0.428125 0.4390625 0.00859375 0.0109375
0 0.45078125 0.93828125 0.2 0.121875