0 0.715625 0.27109375 0.0109375 0.0234375
0 0.6609375 0.24609375 0.009375 0.0265625
0 0.45 0.22421875 0.0359375 0.065625
0 0.53984375 0.1921875 0.0203125 0.0453125
0 0.775 0.2375 0.0140625 0.0265625
0 0.8 0.25078125 0.0109375 0.021875
0 0.8390625 0.265625 0.01171875 0.0234375
0 0.16875 0.2390625 0.009375 0.0203125
0 0.225 0.20390625 0.0140625 0.028125
0 0.340625 0.234375 0.009375 0.0234375
0 0.32734375 0.19921875 0.0109375 0.03203125
0 0.12890625 0.22109375 0.0140625 0.0234375
0 0.19375 0.22109375 0.00625 0.01328125