0 0.115625 0.24609375 0.0453125 0.0734375
0 0.20390625 0.15546875 0.0390625 0.065625
0 0.32890625 0.1421875 0.04375 0.0765625
0 0.44375 0.1515625 0.0453125 0.0734375
0 0.56015625 0.13046875 0.04609375 0.07265625
0 0.6921875 0.1015625 0.0453125 0.06796875
0 0.7515625 0.1796875 0.046875 0.07890625
0 0.8421875 0.12265625 0.04609375 0.0640625
0 0.8765625 0.190625 0.04609375 0.0859375
0 0.63203125 0.22109375 0.0421875 0.07109375
0 0.4953125 0.23125 0.0484375 0.0765625
0 0.371875 0.24453125 0.04765625 0.07265625
0 0.23125 0.2296875 0.04375 0.075
0 0.125 0.43125 0.046875 0.08046875
0 0.2671875 0.4296875 0.046875 0.08046875
0 0.3984375 0.44609375 0.0484375 0.08046875
0 0.534375 0.42734375 0.05 0.08046875
0 0.67265625 0.42734375 0.05625 0.075
0 0.8140625 0.41875 0.04765625 0.078125
0 0.159375 0.60234375 0.05078125 0.09140625
0 0.34765625 0.60625 0.05078125 0.08359375
0 0.53828125 0.5828125 0.0578125 0.08359375
0 0.76875 0.5703125 0.053125 0.08359375