0 0.1578125 0.13359375 0.028125 0.05703125
0 0.240625 0.12734375 0.02421875 0.05390625
0 0.32421875 0.13671875 0.02734375 0.05078125
0 0.4109375 0.14765625 0.028125 0.05390625
0 0.48984375 0.12734375 0.0265625 0.05546875
0 0.58125 0.14296875 0.028125 0.05390625
0 0.6703125 0.14140625 0.0265625 0.05078125
0 0.1140625 0.20703125 0.03203125 0.06796875
0 0.21015625 0.22890625 0.03203125 0.05703125
0 0.30859375 0.23359375 0.0328125 0.06171875
0 0.396875 0.21953125 0.03203125 0.06015625
0 0.49375 0.22421875 0.03203125 0.05703125
0 0.59375 0.22734375 0.03125 0.05546875
0 0.69375 0.22734375 0.03203125 0.05703125
0 0.75078125 0.13671875 0.0265625 0.04921875
0 0.790625 0.22734375 0.03203125 0.05390625
0 0.88984375 0.23046875 0.03203125 0.05703125
0 0.19453125 0.38984375 0.034375 0.06171875
0 0.38359375 0.39609375 0.0359375 0.05703125
0 0.49375 0.4375 0.034375 0.06484375
0 0.553125 0.459375 0.034375 0.06171875
0 0.67265625 0.42109375 0.0359375 0.06640625
0 0.825 0.39296875 0.03828125 0.0703125
0 0.81875 0.12109375 0.0296875 0.05703125