0 0.3703125 0.26015625 0.0375 0.0703125
0 0.4796875 0.26171875 0.0328125 0.06640625
0 0.56328125 0.22734375 0.03828125 0.06640625
0 0.65703125 0.2203125 0.0375 0.075
0 0.046875 0.0234375 0.015625 0.03359375
0 0.17421875 0.04296875 0.01484375 0.03515625
0 0.2171875 0.053125 0.01875 0.04140625
0 0.271875 0.0484375 0.015625 0.04296875
0 0.3109375 0.13203125 0.01875 0.046875
0 0.31171875 0.09140625 0.0125 0.028125
0 0.3140625 0.03671875 0.0203125 0.04296875
0 0.3390625 0.01640625 0.015625 0.03203125
0 0.3578125 0.01640625 0.015625 0.03046875
0 0.38203125 0.01796875 0.01953125 0.03359375
0 0.4125 0.0140625 0.0203125 0.028125
0 0.4515625 0.01484375 0.01953125 0.0296875
0 0.33125 0.15390625 0.01171875 0.03203125
0 0.3625 0.13515625 0.01875 0.03671875
0 0.37890625 0.13203125 0.015625 0.03515625
0 0.4 0.1203125 0.0171875 0.03984375
0 0.44453125 0.18203125 0.015625 0.03203125
0 0.4671875 0.13671875 0.0171875 0.03671875
0 0.48515625 0.115625 0.01875 0.03828125
0 0.50703125 0.10546875 0.02265625 0.03984375
0 0.54765625 0.09375 0.02421875 0.04140625
0 0.58046875 0.13984375 0.01640625 0.03203125
0 0.59296875 0.13515625 0.0125 0.03984375
0 0.425 0.13359375 0.015625 0.0234375