0 0.94453125 0.103125 0.0171875 0.02578125
0 0.98125 0.1109375 0.01171875 0.0171875
0 0.9828125 0.06484375 0.00859375 0.01953125
0 0.17890625 0.11875 0.01171875 0.01796875
0 0.140625 0.421875 0.046875 0.05859375
0 0.2765625 0.37109375 0.04375 0.06640625
0 0.39375 0.4 0.04765625 0.07578125
0 0.403125 0.2328125 0.03828125 0.0625
0 0.5578125 0.29453125 0.04375 0.07421875
0 0.5140625 0.44296875 0.04609375 0.07265625
0 0.60234375 0.43515625 0.04765625 0.06796875
0 0.7171875 0.25234375 0.040625 0.06796875
0 0.8421875 0.25 0.04765625 0.071875
0 0.778125 0.4546875 0.053125 0.0765625
0 0.92265625 0.4375 0.05859375 0.0796875
0 0.91875 0.11875 0.0109375 0.015625
0 0.27265625 0.09140625 0.00703125 0.01171875
0 0.3640625 0.09921875 0.00703125 0.01328125
0 0.434375 0.07421875 0.00390625 0.009375
0 0.4796875 0.06484375 0.00703125 0.009375
0 0.878125 0.11484375 0.0109375 0.01171875
0 0.18359375 0.09765625 0.0078125 0.0078125