0 0.15 0.125 0.178125 0.115625
0 0.75234375 0.23125 0.05390625 0.046875
0 0.91171875 0.23359375 0.05546875 0.05859375
0 0.25703125 0.54453125 0.02265625 0.02265625
0 0.2609375 0.51171875 0.02265625 0.02265625
0 0.13984375 0.63125 0.06328125 0.05703125
0 0.42734375 0.6421875 0.03203125 0.03828125
0 0.475 0.64375 0.0359375 0.04296875
0 0.515625 0.6703125 0.0375 0.05078125
0 0.55390625 0.690625 0.0328125 0.0390625
0 0.42734375 0.77109375 0.028125 0.05234375
0 0.63046875 0.7453125 0.03984375 0.046875
0 0.74296875 0.76796875 0.04609375 0.05234375
0 0.0890625 0.56640625 0.01484375 0.02421875