0 0.7015625 0.196875 0.0234375 0.078125
0 0.75078125 0.21953125 0.028125 0.08515625
0 0.83515625 0.284375 0.028125 0.0828125
0 0.20390625 0.26875 0.03125 0.08984375
0 0.24375 0.21953125 0.025 0.06953125
0 0.3015625 0.2640625 0.03046875 0.08515625
0 0.33671875 0.29296875 0.02734375 0.078125
0 0.3953125 0.36015625 0.025 0.0578125
0 0.42109375 0.24609375 0.03046875 0.08046875
0 0.50078125 0.2125 0.028125 0.09140625
0 0.56640625 0.196875 0.02734375 0.06953125
0 0.58671875 0.275 0.0265625 0.0875
0 0.64921875 0.2078125 0.0265625 0.08046875