0 0.0046875 0.4171875 0.0078125 0.021875
0 0.146875 0.38984375 0.0078125 0.01328125
0 0.128125 0.38984375 0.00625 0.00703125
0 0.1828125 0.50625 0.015625 0.021875
0 0.19140625 0.421875 0.00625 0.01328125
0 0.2515625 0.38359375 0.0078125 0.0171875
0 0.37265625 0.390625 0.00703125 0.0171875
0 0.4125 0.35703125 0.0171875 0.0421875
0 0.88125 0.36171875 0.01640625 0.025
0 0.97578125 0.33984375 0.015625 0.02890625
0 0.8328125 0.3671875 0.00703125 0.01328125
0 0.62265625 0.36015625 0.0046875 0.01015625
0 0.65 0.36328125 0.0078125 0.01328125
0 0.340625 0.38359375 0.0078125 0.0171875
0 0.11640625 0.390625 0.00625 0.01328125
0 0.6953125 0.45390625 0.015625 0.02890625