0 0.13984375 0.5859375 0.01640625 0.0265625
0 0.18515625 0.58046875 0.01484375 0.03359375
0 0.2515625 0.59375 0.0140625 0.0203125
0 0.31796875 0.60546875 0.0109375 0.025
0 0.3828125 0.58203125 0.0140625 0.028125
0 0.44140625 0.60859375 0.0171875 0.0296875
0 0.490625 0.57734375 0.0171875 0.025
0 0.56328125 0.609375 0.015625 0.028125
0 0.59375 0.60703125 0.015625 0.025
0 0.68515625 0.59765625 0.0203125 0.03125
0 0.784375 0.63203125 0.01484375 0.0296875
0 0.90078125 0.634375 0.0125 0.025
0 0.97421875 0.55234375 0.01640625 0.028125