0 0.92109375 0.52734375 0.0125 0.034375
0 0.971875 0.5046875 0.0140625 0.02734375
0 0.8203125 0.51015625 0.015625 0.0359375
0 0.8546875 0.503125 0.01171875 0.02109375
0 0.91796875 0.4984375 0.015625 0.01796875
0 0.75625 0.48984375 0.0109375 0.02421875
0 0.7390625 0.51328125 0.0140625 0.0328125
0 0.69921875 0.52734375 0.0171875 0.0390625
0 0.64453125 0.4984375 0.009375 0.02109375
0 0.54140625 0.51640625 0.0125 0.03125
0 0.4296875 0.52578125 0.025 0.05390625
0 0.44453125 0.51171875 0.01640625 0.04375
0 0.38203125 0.51015625 0.01171875 0.0296875
0 0.39375 0.4984375 0.01171875 0.02734375
0 0.31171875 0.5 0.009375 0.02421875
0 0.29765625 0.5078125 0.0109375 0.02578125
0 0.528125 0.47734375 0.009375 0.01953125
0 0.24609375 0.48359375 0.015625 0.0359375
0 0.2125 0.503125 0.01484375 0.02578125
0 0.18828125 0.51953125 0.02265625 0.0421875
0 0.12734375 0.503125 0.0125 0.02421875
0 0.078125 0.5015625 0.009375 0.02265625
0 0.02578125 0.4921875 0.0125 0.02578125
0 0.85078125 0.48046875 0.00859375 0.02109375