0 0.825 0.0390625 0.0171875 0.02734375
0 0.7828125 0.1171875 0.01640625 0.0234375
0 0.71875 0.1078125 0.015625 0.04140625
0 0.728125 0.13671875 0.0140625 0.0234375
0 0.66875 0.18359375 0.01171875 0.0234375
0 0.321875 0.4515625 0.01484375 0.01796875
0 0.3125 0.484375 0.01171875 0.01953125
0 0.2359375 0.52109375 0.015625 0.01796875
0 0.225 0.5453125 0.0125 0.0171875
0 0.12578125 0.634375 0.01171875 0.0140625
0 0.084375 0.625 0.01484375 0.021875
0 0.56953125 0.19921875 0.015625 0.04296875
0 0.5609375 0.23828125 0.0125 0.02890625
0 0.159375 0.52109375 0.0203125 0.04296875