0 0.790625 0.7125 0.034375 0.03359375
0 0.246875 0.8078125 0.021875 0.02265625
0 0.3171875 0.8296875 0.0109375 0.009375
0 0.10625 0.82265625 0.0125 0.0125
0 0.015625 0.81953125 0.01171875 0.01171875
0 0.08125 0.82421875 0.0078125 0.0078125
0 0.39921875 0.82265625 0.0078125 0.0078125
0 0.1859375 0.825 0.0078125 0.0078125
0 0.784375 0.46171875 0.0515625 0.0453125
0 0.671875 0.45859375 0.0609375 0.05078125
0 0.29375 0.43359375 0.05859375 0.0546875
0 0.6265625 0.140625 0.01171875 0.0109375
0 0.86640625 0.10546875 0.0078125 0.0078125
0 0.3875 0.140625 0.009375 0.01015625
0 0.33984375 0.1578125 0.0140625 0.01796875