0 0.13828125 0.578125 0.075 0.1328125
0 0.146875 0.33125 0.05078125 0.1234375
0 0.18125 0.3734375 0.0328125 0.078125
0 0.38359375 0.2859375 0.03125 0.06171875
0 0.4734375 0.2953125 0.0359375 0.06640625
0 0.434375 0.09609375 0.03046875 0.06171875
0 0.634375 0.36328125 0.053125 0.11015625
0 0.721875 0.39296875 0.065625 0.13984375
0 0.759375 0.60546875 0.1125 0.2546875
0 0.8078125 0.209375 0.0140625 0.02109375
0 0.853125 0.18359375 0.01484375 0.040625
0 0.7328125 0.175 0.0078125 0.0328125
0 0.20390625 0.2046875 0.01953125 0.03046875
0 0.378125 0.19453125 0.01953125 0.0359375