0 0.10859375 0.2625 0.046875 0.08515625
0 0.18671875 0.39609375 0.04765625 0.090625
0 0.31484375 0.4171875 0.04375 0.08828125
0 0.2234375 0.24765625 0.0421875 0.07890625
0 0.23515625 0.10546875 0.0390625 0.07578125
0 0.346875 0.0984375 0.03515625 0.07265625
0 0.428125 0.14296875 0.03515625 0.0671875
0 0.3484375 0.2203125 0.0390625 0.08046875
0 0.446875 0.4109375 0.0421875 0.090625
0 0.50078125 0.30546875 0.03515625 0.071875
0 0.52421875 0.13828125 0.03125 0.0671875
0 0.6140625 0.1328125 0.034375 0.071875
0 0.63515625 0.2546875 0.03828125 0.08046875
0 0.565625 0.40078125 0.0421875 0.08046875
0 0.6828125 0.3890625 0.0421875 0.08828125
0 0.69453125 0.1359375 0.0328125 0.0703125
0 0.790625 0.11796875 0.0359375 0.071875
0 0.78046875 0.23984375 0.0390625 0.07734375
0 0.9015625 0.23671875 0.0421875 0.08359375
0 0.81328125 0.3796875 0.04609375 0.08671875