0 0.1140625 0.484375 0.0359375 0.06015625
0 0.22890625 0.46484375 0.0359375 0.05625
0 0.35390625 0.4671875 0.03984375 0.0640625
0 0.49140625 0.46484375 0.0375 0.06796875
0 0.66875 0.5015625 0.040625 0.0625
0 0.8578125 0.4828125 0.0421875 0.06796875
0 0.8109375 0.20546875 0.03203125 0.05234375
0 0.7125 0.22109375 0.0390625 0.05859375
0 0.61796875 0.209375 0.034375 0.0640625
0 0.52734375 0.22421875 0.0375 0.05859375
0 0.41640625 0.24765625 0.0359375 0.0546875
0 0.325 0.2171875 0.034375 0.05859375
0 0.228125 0.20546875 0.03046875 0.05078125
0 0.14140625 0.2828125 0.003125 0.00546875