0 0.1984375 0.3828125 0.00859375 0.01875
0 0.24765625 0.38828125 0.01640625 0.02734375
0 0.2703125 0.25625 0.009375 0.02578125
0 0.83125 0.32421875 0.0109375 0.01875
0 0.4046875 0.37578125 0.00703125 0.0171875
0 0.3875 0.38125 0.00625 0.0140625
0 0.76640625 0.06953125 0.0046875 0.01015625
0 0.79609375 0.0765625 0.00625 0.0125
0 0.0640625 0.00703125 0.0078125 0.0125
0 0.50078125 0.0171875 0.00703125 0.015625
0 0.51640625 0.02265625 0.0078125 0.015625
0 0.646875 0.05390625 0.00703125 0.0140625
0 0.67265625 0.05234375 0.0046875 0.0140625
0 0.61875 0.03984375 0.00703125 0.0140625
0 0.59375 0.02734375 0.00625 0.0140625
0 0.45546875 0.00703125 0.00703125 0.0140625
0 0.290625 0.31015625 0.03984375 0.10078125
0 0.4515625 0.26171875 0.04296875 0.0953125
0 0.1671875 0.21328125 0.03203125 0.13203125
0 0.86875 0.2671875 0.04765625 0.08828125
0 0.70234375 0.07421875 0.0375 0.08671875
0 0.40625 0.24609375 0.01171875 0.02109375
0 0.38125 0.240625 0.01171875 0.02265625
0 0.36171875 0.24609375 0.0109375 0.02265625
0 0.3984375 0.3171875 0.009375 0.02109375
0 0.31640625 0.2359375 0.01171875 0.0296875
0 0.32109375 0.3828125 0.0171875 0.0296875
0 0.190625 0.240625 0.0125 0.02421875
0 0.2125 0.25859375 0.00859375 0.0171875
0 0.22734375 0.25625 0.01171875 0.03125
0 0.390625 0.26484375 0.009375 0.01875