0 0.27421875 0.2796875 0.01640625 0.02890625
0 0.35234375 0.296875 0.0140625 0.0234375
0 0.475 0.284375 0.0078125 0.02890625
0 0.4796875 0.2359375 0.00859375 0.021875
0 0.496875 0.228125 0.00625 0.01171875
0 0.565625 0.20625 0.00625 0.01328125
0 0.60078125 0.21640625 0.0046875 0.01015625
0 0.63359375 0.28984375 0.0125 0.028125
0 0.6421875 0.378125 0.01640625 0.03515625
0 0.509375 0.44765625 0.03046875 0.05546875
0 0.2296875 0.89140625 0.04609375 0.10546875
0 0.5109375 0.8578125 0.05390625 0.10234375
0 0.4671875 0.63671875 0.04765625 0.08515625
0 0.89921875 0.42578125 0.025 0.046875
0 0.7609375 0.31796875 0.0171875 0.03046875
0 0.7734375 0.284375 0.015625 0.028125
0 0.7234375 0.27109375 0.01171875 0.028125
0 0.68359375 0.2796875 0.0140625 0.03359375
0 0.72734375 0.40546875 0.0171875 0.03046875
0 0.89921875 0.19453125 0.0109375 0.01484375
0 0.525 0.24609375 0.0109375 0.01875
0 0.5359375 0.2328125 0.00859375 0.0171875
0 0.540625 0.2109375 0.00625 0.01015625
0 0.00625 0.3078125 0.01171875 0.05703125
0 0.64296875 0.43359375 0.01640625 0.028125