0 0.96640625 0.2671875 0.01484375 0.021875
0 0.9015625 0.1875 0.0140625 0.025
0 0.93203125 0.0921875 0.0109375 0.01796875
0 0.87734375 0.18984375 0.0125 0.02109375
0 0.8296875 0.18203125 0.015625 0.02578125
0 0.85390625 0.196875 0.01484375 0.02890625
0 0.73984375 0.2640625 0.01640625 0.0296875
0 0.403125 0.259375 0.01484375 0.01953125
0 0.34375 0.26171875 0.009375 0.0171875
0 0.315625 0.265625 0.0140625 0.021875
0 0.23046875 0.2484375 0.009375 0.01953125
0 0.19921875 0.27109375 0.0140625 0.02109375
0 0.1859375 0.21328125 0.0140625 0.02578125
0 0.103125 0.25546875 0.0171875 0.0296875
0 0.0921875 0.18515625 0.01484375 0.025
0 0.040625 0.259375 0.0140625 0.0171875
0 0.0125 0.20703125 0.01171875 0.021875