0 0.99296875 0.18984375 0.0140625 0.05625
0 0.8765625 0.1734375 0.025 0.0484375
0 0.7 0.1859375 0.02734375 0.0390625
0 0.690625 0.0796875 0.03125 0.05078125
0 0.5921875 0.0796875 0.02265625 0.04140625
0 0.5546875 0.040625 0.025 0.0375
0 0.4734375 0.2046875 0.0265625 0.04921875
0 0.4734375 0.0640625 0.02421875 0.053125
0 0.35546875 0.178125 0.0296875 0.0625
0 0.35078125 0.07578125 0.0265625 0.046875
0 0.2046875 0.18125 0.025 0.04921875
0 0.190625 0.07421875 0.025 0.05078125
0 0.2453125 0.0640625 0.0296875 0.053125
0 0.08671875 0.06875 0.028125 0.04921875
0 0.05078125 0.17734375 0.02734375 0.04296875
0 0.290625 0.74609375 0.025 0.05078125