0 0.84375 0.6 0.03515625 0.0875
0 0.7296875 0.52890625 0.0359375 0.0796875
0 0.828125 0.3875 0.0296875 0.05859375
0 0.77265625 0.22890625 0.028125 0.05078125
0 0.84140625 0.2234375 0.028125 0.06015625
0 0.87578125 0.21875 0.0328125 0.06953125
0 0.90390625 0.13046875 0.034375 0.06328125
0 0.9109375 0.03203125 0.03203125 0.06171875
0 0.83515625 0.11875 0.02734375 0.05859375
0 0.85078125 0.02109375 0.0234375 0.0421875
0 0.809375 0.01640625 0.025 0.0328125
0 0.7703125 0.03671875 0.02421875 0.04921875
0 0.71171875 0.2203125 0.03046875 0.05546875
0 0.5890625 0.2890625 0.021875 0.04296875
0 0.625 0.2046875 0.021875 0.04609375
0 0.6875 0.203125 0.01953125 0.04453125
0 0.74140625 0.2015625 0.0171875 0.04765625
0 0.72578125 0.12734375 0.021875 0.04765625
0 0.678125 0.1125 0.0203125 0.03984375
0 0.596875 0.18125 0.0203125 0.04140625
0 0.59140625 0.096875 0.0203125 0.03203125
0 0.6234375 0.04921875 0.0203125 0.03828125
0 0.7625 0.2078125 0.02265625 0.05234375
0 0.68046875 0.06171875 0.01953125 0.03203125
0 0.73046875 0.03671875 0.0171875 0.04140625
0 0.66796875 0.02890625 0.0140625 0.03359375
0 0.64921875 0.03046875 0.01484375 0.03203125
0 0.4953125 0.1890625 0.021875 0.03515625
0 0.54296875 0.1109375 0.0171875 0.03828125
0 0.5625 0.021875 0.015625 0.03359375
0 0.4328125 0.06171875 0.01953125 0.04296875
0 0.475 0.04765625 0.01640625 0.03359375
0 0.43984375 0.0203125 0.01484375 0.03046875
0 0.509375 0.04609375 0.015625 0.02890625
0 0.253125 0.309375 0.01875 0.05546875
0 0.371875 0.17421875 0.01953125 0.03828125
0 0.328125 0.17109375 0.01953125 0.04296875
0 0.38046875 0.0765625 0.01875 0.03515625
0 0.38359375 0.04140625 0.015625 0.03203125
0 0.3546875 0.0203125 0.0125 0.02578125
0 0.3234375 0.109375 0.01640625 0.02890625
0 0.2765625 0.01875 0.0140625 0.02890625
0 0.29921875 0.00703125 0.0109375 0.0140625
0 0.4234375 0.0125 0.0109375 0.01875
0 0.04375 0.05078125 0.01640625 0.03203125
0 0.06640625 0.03828125 0.0171875 0.03046875
0 0.0984375 0.07265625 0.0171875 0.03359375
0 0.0890625 0.0109375 0.0125 0.021875
0 0.1125 0.01015625 0.01640625 0.0203125
0 0.12421875 0.04609375 0.01484375 0.02734375
0 0.184375 0.0890625 0.01875 0.03203125
0 0.1609375 0.04296875 0.0171875 0.03671875
0 0.184375 0.015625 0.01484375 0.02578125
0 0.21640625 0.05703125 0.0109375 0.02578125
0 0.1921875 0.06796875 0.0109375 0.021875
0 0.23828125 0.05078125 0.015625 0.03203125
0 0.22734375 0.03359375 0.0140625 0.03203125
0 0.20625 0.009375 0.0109375 0.01875
0 0.340625 0.009375 0.00859375 0.01875
0 0.10703125 0.53359375 0.03046875 0.0859375