0 0.9765625 0.07890625 0.021875 0.01875
0 0.93046875 0.0421875 0.01875 0.01640625
0 0.95625 0.02578125 0.0125 0.0109375
0 0.98671875 0.02265625 0.0109375 0.01015625
0 0.8203125 0.103125 0.0234375 0.01796875
0 0.8421875 0.12109375 0.01484375 0.0140625
0 0.784375 0.09296875 0.01875 0.01953125
0 0.71796875 0.1421875 0.0171875 0.01640625
0 0.709375 0.08828125 0.0203125 0.01953125
0 0.7390625 0.04140625 0.0140625 0.01328125
0 0.67109375 0.03984375 0.0140625 0.01328125
0 0.6703125 0.15078125 0.025 0.028125
0 0.68828125 0.1375 0.015625 0.01171875
0 0.74921875 0.134375 0.0171875 0.0171875
0 0.5984375 0.1484375 0.02265625 0.01640625
0 0.58359375 0.1046875 0.01875 0.0171875
0 0.521875 0.0875 0.02265625 0.01953125
0 0.54296875 0.15546875 0.01953125 0.01796875
0 0.42578125 0.240625 0.0921875 0.07578125
0 0.4546875 0.14609375 0.021875 0.021875
0 0.48125 0.14765625 0.01640625 0.01875
0 0.434375 0.1 0.01640625 0.0203125
0 0.415625 0.103125 0.01640625 0.01953125
0 0.3875 0.10703125 0.01875 0.0171875
0 0.3890625 0.1484375 0.0234375 0.02109375
0 0.3515625 0.15078125 0.01953125 0.0171875
0 0.2671875 0.05703125 0.0171875 0.01796875
0 0.278125 0.09609375 0.015625 0.0171875
0 0.26875 0.15859375 0.01875 0.0171875
0 0.1640625 0.1375 0.015625 0.015625
0 0.1921875 0.1015625 0.01484375 0.0171875
0 0.1578125 0.10625 0.015625 0.01875
0 0.0921875 0.08671875 0.01875 0.01953125
0 0.128125 0.13828125 0.0171875 0.0171875
0 0.1171875 0.15078125 0.01953125 0.0171875
0 0.09921875 0.140625 0.01484375 0.0125
0 0.0734375 0.15234375 0.01953125 0.0171875
0 0.04140625 0.1484375 0.01875 0.0171875