0 0.03046875 0.046875 0.00859375 0.01796875
0 0.06171875 0.04140625 0.00859375 0.01953125
0 0.04765625 0.01953125 0.00859375 0.021875
0 0.028125 0.01015625 0.00859375 0.01796875
0 0.0125 0.0265625 0.0078125 0.01484375
0 0.00390625 0.021875 0.0078125 0.0234375
0 0.0640625 0.01796875 0.009375 0.01328125
0 0.08671875 0.04140625 0.009375 0.01640625
0 0.06484375 0.0796875 0.0109375 0.01640625
0 0.07421875 0.1046875 0.01171875 0.0203125
0 0.09375 0.00859375 0.009375 0.0171875
0 0.08359375 0.01640625 0.00703125 0.01171875
0 0.01484375 0.11328125 0.0078125 0.01796875
0 0.003125 0.1265625 0.00625 0.01796875
0 0.01875 0.1296875 0.00859375 0.01953125
0 0.0328125 0.121875 0.009375 0.01484375
0 0.05625 0.1328125 0.0109375 0.0203125
0 0.07109375 0.1234375 0.0109375 0.0203125
0 0.08671875 0.1296875 0.0109375 0.01796875
0 0.071875 0.1484375 0.0109375 0.01640625
0 0.03828125 0.1515625 0.009375 0.01953125
0 0.02265625 0.15 0.009375 0.01640625
0 0.12265625 0.32578125 0.0125 0.01953125
0 0.0859375 0.32109375 0.01171875 0.01953125
0 0.0359375 0.32109375 0.0125 0.028125
0 0.01875 0.2578125 0.0109375 0.021875
0 0.0609375 0.26328125 0.009375 0.0203125
0 0.0328125 0.2359375 0.0109375 0.01953125
0 0.02421875 0.209375 0.01171875 0.0203125
0 0.0078125 0.23125 0.0140625 0.0234375
0 0.01484375 0.1796875 0.0109375 0.01640625
0 0.04375 0.19609375 0.009375 0.01953125
0 0.06796875 0.18125 0.0109375 0.0203125
0 0.08828125 0.18984375 0.0125 0.025
0 0.084375 0.22265625 0.0109375 0.021875
0 0.07734375 0.2296875 0.01171875 0.01953125
0 0.0875 0.15625 0.009375 0.0203125
0 0.10234375 0.13984375 0.00859375 0.01640625
0 0.10859375 0.1265625 0.009375 0.0203125
0 0.11796875 0.1265625 0.00703125 0.01640625
0 0.14375 0.121875 0.00859375 0.01953125
0 0.159375 0.128125 0.0109375 0.0234375
0 0.128125 0.16015625 0.009375 0.01953125
0 0.1109375 0.16640625 0.009375 0.021875
0 0.10625 0.18828125 0.0109375 0.01796875
0 0.1078125 0.21328125 0.0109375 0.0234375
0 0.12578125 0.22265625 0.0109375 0.01953125
0 0.1171875 0.2515625 0.009375 0.0265625
0 0.165625 0.24296875 0.009375 0.01953125
0 0.1578125 0.21953125 0.009375 0.01953125
0 0.14609375 0.2078125 0.0109375 0.021875
0 0.14140625 0.1796875 0.009375 0.0203125
0 0.15 0.17109375 0.00859375 0.01796875
0 0.15546875 0.153125 0.009375 0.01796875
0 0.1703125 0.159375 0.009375 0.0203125
0 0.16484375 0.19140625 0.01171875 0.01953125
0 0.115625 0.0234375 0.0109375 0.01953125
0 0.10390625 0.01640625 0.0109375 0.0203125
0 0.13125 0.01796875 0.0078125 0.01640625
0 0.1421875 0.025 0.009375 0.01796875
0 0.165625 0.01953125 0.00859375 0.01953125
0 0.15 0.009375 0.0125 0.01875
0 0.18046875 0.01171875 0.00859375 0.01640625
0 0.1921875 0.021875 0.0109375 0.01796875
0 0.20390625 0.01953125 0.00859375 0.01484375
0 0.18359375 0.11171875 0.0078125 0.01484375
0 0.1703125 0.134375 0.00859375 0.01640625
0 0.17109375 0.11640625 0.0109375 0.01640625
0 0.1828125 0.14296875 0.01171875 0.0234375
0 0.20390625 0.128125 0.00859375 0.0203125
0 0.21015625 0.11484375 0.00859375 0.01796875
0 0.209375 0.159375 0.00859375 0.0234375
0 0.18515625 0.178125 0.00859375 0.0203125
0 0.215625 0.01015625 0.0078125 0.01484375
0 0.2296875 0.01640625 0.00859375 0.01328125
0 0.2203125 0.00625 0.009375 0.01171875
0 0.24921875 0.01640625 0.009375 0.01328125
0 0.24140625 0.01640625 0.0078125 0.01484375
0 0.259375 0.01640625 0.00859375 0.01796875
0 0.271875 0.021875 0.00859375 0.01640625
0 0.2859375 0.025 0.00859375 0.01796875
0 0.3 0.01171875 0.00859375 0.01953125
0 0.3078125 0.03671875 0.00859375 0.01953125
0 0.3078125 0.00859375 0.00703125 0.01640625
0 0.32109375 0.01484375 0.00859375 0.01953125
0 0.33671875 0.01953125 0.009375 0.0203125
0 0.35859375 0.028125 0.00859375 0.01640625
0 0.36796875 0.025 0.0078125 0.01640625
0 0.37265625 0.00859375 0.00859375 0.01484375
0 0.2453125 0.08984375 0.00859375 0.01796875
0 0.225 0.071875 0.0078125 0.01328125
0 0.2609375 0.11015625 0.00859375 0.01796875
0 0.24921875 0.13125 0.009375 0.01953125
0 0.225 0.11171875 0.0109375 0.021875
0 0.22578125 0.13984375 0.0109375 0.021875
0 0.2640625 0.159375 0.009375 0.01953125
0 0.23125 0.16015625 0.0109375 0.021875
0 0.22578125 0.18125 0.009375 0.01796875
0 0.20546875 0.1859375 0.0109375 0.0203125
0 0.196875 0.24609375 0.0109375 0.01953125
0 0.190625 0.33125 0.009375 0.01640625
0 0.19140625 0.26796875 0.01171875 0.021875
0 0.23515625 0.23828125 0.009375 0.01953125
0 0.21171875 0.2359375 0.0078125 0.00859375
0 0.190625 0.21484375 0.0109375 0.01796875
0 0.17890625 0.2 0.0109375 0.0203125
0 0.23125 0.21328125 0.009375 0.0203125
0 0.246875 0.1984375 0.0109375 0.01640625
0 0.26171875 0.2078125 0.01171875 0.0203125
0 0.10625 0.26953125 0.009375 0.01953125
0 0.42265625 0.26640625 0.01953125 0.03515625
0 0.4640625 0.27265625 0.01171875 0.01953125
0 0.45625 0.2265625 0.01171875 0.021875
0 0.44453125 0.21796875 0.0125 0.0203125
0 0.39921875 0.2078125 0.0125 0.01796875
0 0.434375 0.2 0.0109375 0.01484375
0 0.384375 0.228125 0.00859375 0.01484375
0 0.35859375 0.253125 0.0109375 0.01796875
0 0.4078125 0.23828125 0.009375 0.01796875
0 0.36640625 0.23828125 0.0109375 0.01953125
0 0.35625 0.18125 0.009375 0.021875
0 0.278125 0.22265625 0.0109375 0.025
0 0.3 0.209375 0.01171875 0.0234375
0 0.29296875 0.184375 0.0078125 0.01328125
0 0.2796875 0.16328125 0.00859375 0.01328125
0 0.30546875 0.1796875 0.0078125 0.01484375
0 0.33515625 0.184375 0.009375 0.01953125
0 0.34453125 0.16953125 0.009375 0.01953125
0 0.340625 0.1515625 0.0078125 0.01328125
0 0.303125 0.14609375 0.009375 0.0234375
0 0.3203125 0.13671875 0.009375 0.0203125
0 0.33671875 0.134375 0.0078125 0.01484375
0 0.32734375 0.16953125 0.0109375 0.01640625
0 0.3046875 0.1265625 0.009375 0.01953125
0 0.28515625 0.13515625 0.009375 0.01953125
0 0.26953125 0.09140625 0.0078125 0.01640625
0 0.225 0.09296875 0.00703125 0.01171875
0 0.3171875 0.11640625 0.0078125 0.01484375
0 0.253125 0.178125 0.0078125 0.01015625
0 0.4 0.175 0.0109375 0.021875
0 0.371875 0.153125 0.0078125 0.01640625
0 0.3859375 0.13984375 0.009375 0.01953125
0 0.3734375 0.1296875 0.00859375 0.01484375
0 0.35 0.11953125 0.009375 0.01640625
0 0.3609375 0.11328125 0.00859375 0.01328125
0 0.390625 0.1 0.0078125 0.0203125
0 0.4 0.121875 0.00859375 0.01484375
0 0.39609375 0.13671875 0.00859375 0.01328125
0 0.40234375 0.1546875 0.01171875 0.01796875
0 0.4109375 0.1578125 0.0078125 0.01953125
0 0.42421875 0.16328125 0.0109375 0.0203125
0 0.421875 0.134375 0.0078125 0.01640625
0 0.409375 0.11796875 0.0078125 0.01015625
0 0.43828125 0.10625 0.009375 0.01796875
0 0.42890625 0.09609375 0.00859375 0.0203125
0 0.4390625 0.13828125 0.00703125 0.01484375
0 0.45546875 0.15 0.00703125 0.01640625
0 0.45859375 0.1296875 0.00859375 0.01796875
0 0.44765625 0.184375 0.0109375 0.0203125
0 0.446875 0.16328125 0.009375 0.01640625
0 0.4703125 0.13515625 0.009375 0.01640625
0 0.46953125 0.11015625 0.009375 0.01796875
0 0.38203125 0.0578125 0.0078125 0.01484375
0 0.3984375 0.06015625 0.009375 0.01484375
0 0.38515625 0.01328125 0.00859375 0.01484375
0 0.39765625 0.00859375 0.009375 0.01484375
0 0.41484375 0.01484375 0.0109375 0.01796875
0 0.42890625 0.01328125 0.00859375 0.01796875
0 0.440625 0.01484375 0.00859375 0.021875
0 0.45625 0.01484375 0.0078125 0.01640625
0 0.446875 0.01484375 0.00703125 0.01484375
0 0.4640625 0.00859375 0.00703125 0.01484375
0 0.475 0.01640625 0.00703125 0.01484375
0 0.48515625 0.0203125 0.00859375 0.01640625
0 0.47578125 0.0046875 0.00859375 0.00859375
0 0.49375 0.01328125 0.00859375 0.01640625
0 0.50546875 0.0203125 0.0109375 0.01953125
0 0.475 0.0765625 0.009375 0.01640625
0 0.4875 0.103125 0.009375 0.01796875
0 0.49296875 0.06953125 0.009375 0.01328125
0 0.49921875 0.08984375 0.0078125 0.01796875
0 0.50703125 0.11484375 0.009375 0.0203125
0 0.49375 0.14140625 0.01171875 0.01953125
0 0.48828125 0.1546875 0.01171875 0.01640625
0 0.47734375 0.1734375 0.009375 0.01484375
0 0.471875 0.15 0.009375 0.01640625
0 0.48828125 0.18125 0.009375 0.01640625
0 0.496875 0.21171875 0.0125 0.028125
0 0.5140625 0.19296875 0.0109375 0.0265625
0 0.51796875 0.2359375 0.00859375 0.01796875
0 0.53828125 0.1765625 0.009375 0.0203125
0 0.528125 0.20625 0.0109375 0.01796875
0 0.53515625 0.12109375 0.0078125 0.01640625
0 0.5296875 0.09140625 0.00859375 0.01640625
0 0.53515625 0.103125 0.0078125 0.01484375
0 0.5171875 0.1015625 0.0109375 0.0203125
0 0.52734375 0.01640625 0.01171875 0.0203125
0 0.54609375 0.028125 0.00859375 0.01953125
0 0.55625 0.03828125 0.00859375 0.01640625
0 0.57109375 0.01640625 0.00703125 0.01328125
0 0.57421875 0.0078125 0.0078125 0.015625
0 0.615625 0.01953125 0.0078125 0.01328125
0 0.60625 0.04140625 0.0078125 0.01640625
0 0.62109375 0.03984375 0.0078125 0.01484375
0 0.63125 0.05 0.00859375 0.01484375
0 0.6015625 0.0765625 0.0078125 0.01328125
0 0.5375 0.0765625 0.00703125 0.01484375
0 0.5609375 0.096875 0.0109375 0.0203125
0 0.54765625 0.1046875 0.00859375 0.01484375
0 0.5734375 0.08359375 0.00703125 0.01171875
0 0.5890625 0.09609375 0.00859375 0.01484375
0 0.628125 0.06796875 0.009375 0.01484375
0 0.6421875 0.075 0.009375 0.01953125
0 0.63828125 0.01484375 0.00859375 0.01484375
0 0.6265625 0.08671875 0.009375 0.0203125
0 0.61640625 0.08671875 0.009375 0.01796875
0 0.62109375 0.11328125 0.01171875 0.0203125
0 0.5734375 0.10859375 0.0078125 0.01484375
0 0.5671875 0.125 0.00859375 0.01953125
0 0.578125 0.134375 0.009375 0.0203125
0 0.55 0.1296875 0.009375 0.025
0 0.55625 0.16328125 0.0078125 0.01796875
0 0.58515625 0.159375 0.00859375 0.01484375
0 0.6 0.14453125 0.009375 0.01640625
0 0.6125 0.15 0.0109375 0.01640625
0 0.63203125 0.14609375 0.00859375 0.01796875
0 0.6234375 0.134375 0.009375 0.01328125
0 0.615625 0.16796875 0.01171875 0.01640625
0 0.64375 0.1015625 0.0078125 0.01640625
0 0.56875 0.04140625 0.00859375 0.01171875
0 0.63125 0.25625 0.0125 0.0234375
0 0.54921875 0.27109375 0.0125 0.021875
0 0.55625 0.19140625 0.009375 0.01484375
0 0.571875 0.225 0.025 0.04140625
0 0.59296875 0.21953125 0.0109375 0.0203125
0 0.603125 0.2296875 0.009375 0.01484375
0 0.59453125 0.1828125 0.0109375 0.0203125
0 0.61328125 0.203125 0.009375 0.0203125
0 0.63515625 0.1859375 0.0109375 0.01796875
0 0.659375 0.17109375 0.00859375 0.01640625
0 0.66875 0.178125 0.01171875 0.01796875
0 0.65546875 0.14296875 0.009375 0.0203125
0 0.66796875 0.13984375 0.009375 0.01640625
0 0.6453125 0.14453125 0.00859375 0.01796875
0 0.6796875 0.14140625 0.0078125 0.01796875
0 0.7 0.1734375 0.01171875 0.0203125
0 0.634375 0.2328125 0.01171875 0.0203125
0 0.55 0.3140625 0.00703125 0.01171875
0 0.521875 0.2765625 0.00859375 0.01640625
0 0.53828125 0.3296875 0.0125 0.0234375
0 0.53125 0.21640625 0.009375 0.0203125
0 0.78203125 0.28828125 0.009375 0.01953125
0 0.75703125 0.278125 0.01171875 0.01796875
0 0.71484375 0.26328125 0.0140625 0.0234375
0 0.73359375 0.25 0.009375 0.01953125
0 0.7078125 0.20625 0.01171875 0.021875
0 0.7515625 0.19453125 0.009375 0.0234375
0 0.7671875 0.21171875 0.0109375 0.01484375
0 0.746875 0.22109375 0.0109375 0.01640625
0 0.7484375 0.2515625 0.009375 0.01640625
0 0.7140625 0.16015625 0.009375 0.01484375
0 0.6921875 0.14140625 0.0078125 0.01328125
0 0.7015625 0.1515625 0.0078125 0.01484375
0 0.7515625 0.1546875 0.0078125 0.01640625
0 0.7484375 0.178125 0.009375 0.0203125
0 0.7375 0.1828125 0.0078125 0.01953125
0 0.7875 0.18125 0.0125 0.025
0 0.78984375 0.14609375 0.009375 0.01953125
0 0.74375 0.13984375 0.0109375 0.01953125
0 0.73359375 0.13671875 0.00859375 0.01953125
0 0.7015625 0.121875 0.0109375 0.01796875
0 0.69140625 0.121875 0.009375 0.01640625
0 0.67421875 0.1 0.0109375 0.0203125
0 0.67890625 0.11171875 0.0078125 0.01484375
0 0.646875 0.121875 0.00703125 0.01796875
0 0.653125 0.103125 0.0078125 0.01484375
0 0.6546875 0.0703125 0.009375 0.01328125
0 0.65078125 0.04453125 0.00859375 0.01484375
0 0.6671875 0.0265625 0.00859375 0.01796875
0 0.67734375 0.01015625 0.00859375 0.01640625
0 0.68125 0.0453125 0.009375 0.01796875
0 0.68125 0.06171875 0.00859375 0.01640625
0 0.6890625 0.08125 0.0078125 0.01328125
0 0.6984375 0.06796875 0.00859375 0.01640625
0 0.70625 0.0796875 0.0078125 0.01640625
0 0.7046875 0.03515625 0.009375 0.01796875
0 0.68828125 0.028125 0.0078125 0.01640625
0 0.7 0.01328125 0.00859375 0.01484375
0 0.7109375 0.01015625 0.009375 0.01640625
0 0.7203125 0.028125 0.0109375 0.01796875
0 0.71015625 0.028125 0.00859375 0.01640625
0 0.73359375 0.021875 0.009375 0.01484375
0 0.66796875 0.09296875 0.009375 0.01953125
0 0.70390625 0.103125 0.009375 0.01796875
0 0.709375 0.1 0.01171875 0.0203125
0 0.7125 0.11640625 0.00859375 0.01796875
0 0.728125 0.09453125 0.009375 0.01640625
0 0.71953125 0.0828125 0.009375 0.0265625
0 0.721875 0.046875 0.0109375 0.021875
0 0.73125 0.0578125 0.0109375 0.01953125
0 0.7375 0.0765625 0.01171875 0.01953125
0 0.7421875 0.1046875 0.01171875 0.0203125
0 0.7453125 0.11484375 0.009375 0.01796875
0 0.73515625 0.128125 0.00859375 0.01484375
0 0.753125 0.09140625 0.00859375 0.01796875
0 0.74296875 0.03671875 0.0109375 0.0234375
0 0.753125 0.0515625 0.00859375 0.021875
0 0.8859375 0.30078125 0.01640625 0.0296875
0 0.8296875 0.2796875 0.0125 0.0265625
0 0.8046875 0.24140625 0.01171875 0.021875
0 0.81796875 0.203125 0.0125 0.0203125
0 0.81875 0.1734375 0.01171875 0.01953125
0 0.865625 0.1984375 0.0109375 0.021875
0 0.871875 0.225 0.0125 0.01796875
0 0.7984375 0.2796875 0.0078125 0.01484375
0 0.8359375 0.24296875 0.0078125 0.01484375
0 0.8953125 0.2625 0.0125 0.0203125
0 0.88984375 0.209375 0.01171875 0.0203125
0 0.85625 0.1734375 0.0109375 0.025
0 0.8734375 0.16015625 0.01171875 0.0203125
0 0.896875 0.17109375 0.0109375 0.0203125
0 0.853125 0.14453125 0.0109375 0.01953125
0 0.83515625 0.1515625 0.009375 0.01796875
0 0.82421875 0.13671875 0.01171875 0.01484375
0 0.88984375 0.13671875 0.0109375 0.01953125
0 0.76953125 0.125 0.009375 0.0203125
0 0.81171875 0.11015625 0.00625 0.01171875
0 0.8015625 0.125 0.009375 0.01953125
0 0.7921875 0.11484375 0.00703125 0.01484375
0 0.803125 0.09609375 0.0078125 0.01640625
0 0.81640625 0.08671875 0.009375 0.01953125
0 0.78828125 0.09296875 0.009375 0.01953125
0 0.778125 0.103125 0.009375 0.01953125
0 0.7640625 0.10625 0.0078125 0.01484375
0 0.765625 0.0734375 0.009375 0.01796875
0 0.76328125 0.06328125 0.00703125 0.01328125
0 0.771875 0.053125 0.0078125 0.01640625
0 0.78046875 0.0765625 0.009375 0.01953125
0 0.77265625 0.03203125 0.00859375 0.01640625
0 0.7625 0.025 0.00859375 0.01484375
0 0.74921875 0.01640625 0.00859375 0.0234375
0 0.7890625 0.025 0.0078125 0.01640625
0 0.7875 0.01171875 0.00859375 0.01484375
0 0.8 0.028125 0.009375 0.01640625
0 0.81015625 0.0515625 0.0109375 0.0203125
0 0.80546875 0.06640625 0.0109375 0.01796875
0 0.821875 0.053125 0.0078125 0.01484375
0 0.8203125 0.03671875 0.009375 0.0234375
0 0.81328125 0.01953125 0.0078125 0.01328125
0 0.82734375 0.01328125 0.009375 0.01484375
0 0.834375 0.08359375 0.0078125 0.01171875
0 0.84140625 0.09609375 0.00859375 0.01796875
0 0.82265625 0.1046875 0.00859375 0.01796875
0 0.8296875 0.09453125 0.0109375 0.01328125
0 0.8453125 0.121875 0.00703125 0.01171875
0 0.8328125 0.11640625 0.0078125 0.01796875
0 0.9859375 0.29453125 0.01484375 0.0234375
0 0.9140625 0.2609375 0.0140625 0.025
0 0.95625 0.21171875 0.01171875 0.01796875
0 0.98046875 0.203125 0.0140625 0.0203125
0 0.93125 0.178125 0.0140625 0.0203125
0 0.9671875 0.16171875 0.01171875 0.01796875
0 0.9671875 0.1859375 0.0125 0.021875
0 0.9890625 0.18125 0.0171875 0.0296875
0 0.915625 0.30625 0.01171875 0.0203125
0 0.92109375 0.23828125 0.0140625 0.025
0 0.9515625 0.14453125 0.009375 0.01796875
0 0.9609375 0.14765625 0.0078125 0.01953125
0 0.97265625 0.1265625 0.01171875 0.021875
0 0.9671875 0.1078125 0.009375 0.01796875
0 0.9453125 0.11640625 0.009375 0.01484375
0 0.90546875 0.14140625 0.01171875 0.0265625
0 0.928125 0.128125 0.009375 0.021875
0 0.903125 0.10859375 0.0078125 0.01484375
0 0.88359375 0.11796875 0.00859375 0.01640625
0 0.85390625 0.1 0.00859375 0.01484375
0 0.8625 0.0828125 0.009375 0.01796875
0 0.8734375 0.0828125 0.009375 0.01796875
0 0.88984375 0.09453125 0.0109375 0.01640625
0 0.89921875 0.06796875 0.0109375 0.01640625
0 0.909375 0.0796875 0.009375 0.0203125
0 0.9265625 0.0828125 0.009375 0.01953125
0 0.9296875 0.06640625 0.009375 0.01484375
0 0.95390625 0.078125 0.009375 0.0203125
0 0.959375 0.06171875 0.009375 0.01484375
0 0.9515625 0.053125 0.00859375 0.01640625
0 0.93125 0.03125 0.009375 0.01640625
0 0.9578125 0.021875 0.00859375 0.01171875
0 0.94453125 0.01171875 0.00859375 0.01640625
0 0.925 0.00703125 0.009375 0.01171875
0 0.89375 0.0265625 0.0078125 0.01640625
0 0.9109375 0.01640625 0.00703125 0.01171875
0 0.8640625 0.0578125 0.0078125 0.01171875
0 0.84609375 0.03203125 0.00859375 0.01484375
0 0.83984375 0.021875 0.009375 0.0234375
0 0.8609375 0.01796875 0.00859375 0.01796875
0 0.8734375 0.0234375 0.009375 0.01484375
0 0.85078125 0.06328125 0.009375 0.01796875
0 0.94296875 0.0984375 0.0109375 0.0203125
0 0.92890625 0.1015625 0.009375 0.021875
0 0.92109375 0.04453125 0.00859375 0.01640625
0 0.8453125 0.0046875 0.0078125 0.00859375
0 0.8734375 0.00625 0.009375 0.01171875
0 0.59453125 0.03984375 0.009375 0.01640625
0 0.52734375 0.16640625 0.009375 0.01953125
0 0.81484375 0.29921875 0.00859375 0.01796875
0 0.98671875 0.01953125 0.0109375 0.0203125
0 0.99453125 0.13515625 0.0109375 0.01796875