0 0.9875 0.3546875 0.01875 0.01640625
0 0.90703125 0.3578125 0.01484375 0.01484375
0 0.8734375 0.36171875 0.01953125 0.01796875
0 0.846875 0.3640625 0.015625 0.01171875
0 0.709375 0.36640625 0.01640625 0.015625
0 0.73359375 0.31875 0.01484375 0.01640625
0 0.59609375 0.35078125 0.01640625 0.0203125
0 0.57421875 0.3015625 0.01953125 0.01796875
0 0.46796875 0.31953125 0.015625 0.0171875
0 0.4140625 0.390625 0.0390625 0.03984375
0 0.38203125 0.3171875 0.021875 0.01953125
0 0.48828125 0.3578125 0.0140625 0.01328125
0 0.071875 0.26171875 0.021875 0.0265625
0 0.2484375 0.31640625 0.01953125 0.0203125