0 0.98046875 0.796875 0.0140625 0.0234375
0 0.40703125 0.3828125 0.00703125 0.01328125
0 0.62578125 0.44140625 0.0078125 0.01875
0 0.75078125 0.4109375 0.0078125 0.0171875
0 0.8421875 0.28359375 0.0078125 0.0171875
0 0.9578125 0.32578125 0.00625 0.01171875
0 0.95390625 0.253125 0.0046875 0.00859375
0 0.940625 0.25703125 0.00625 0.01171875
0 0.915625 0.28828125 0.00859375 0.01484375
0 0.89375 0.290625 0.009375 0.01328125
0 0.93046875 0.2296875 0.00703125 0.01328125
0 0.9203125 0.21484375 0.00703125 0.01484375
0 0.9078125 0.21328125 0.00625 0.01171875
0 0.9515625 0.20625 0.0046875 0.01171875
0 0.984375 0.225 0.0078125 0.01484375
0 0.93671875 0.16796875 0.00625 0.01640625
0 0.94375 0.1765625 0.00703125 0.01328125
0 0.98046875 0.1875 0.0078125 0.01484375
0 0.03515625 0.2453125 0.00625 0.01015625
0 0.0359375 0.28984375 0.0046875 0.00859375
0 0.0125 0.2296875 0.00625 0.01171875
0 0.05546875 0.27890625 0.0078125 0.01328125
0 0.0359375 0.20625 0.009375 0.0203125
0 0.03359375 0.17265625 0.0046875 0.01015625
0 0.0265625 0.20625 0.00625 0.01171875
0 0.059375 0.21328125 0.0078125 0.01875
0 0.07109375 0.16484375 0.00625 0.01484375
0 0.0765625 0.15234375 0.009375 0.0171875
0 0.06953125 0.12734375 0.00859375 0.0171875
0 0.00390625 0.17421875 0.0078125 0.0203125
0 0.009375 0.1171875 0.00625 0.01484375
0 0.009375 0.16484375 0.00703125 0.01484375
0 0.03515625 0.1078125 0.00625 0.01328125
0 0.01875 0.09765625 0.0078125 0.01875
0 0.07421875 0.10078125 0.00625 0.01328125
0 0.0328125 0.08203125 0.0078125 0.01328125
0 0.0234375 0.05234375 0.00625 0.01015625
0 0.05234375 0.05546875 0.00703125 0.01328125
0 0.009375 0.0421875 0.00625 0.01328125
0 0.0640625 0.02890625 0.00625 0.01328125
0 0.08515625 0.05546875 0.00703125 0.01484375
0 0.0375 0.02890625 0.00625 0.01328125
0 0.00625 0.028125 0.0078125 0.01640625
0 0.0140625 0.05859375 0.0046875 0.00859375
0 0.06328125 0.00859375 0.0046875 0.01015625
0 0.0921875 0.00546875 0.0046875 0.01015625
0 0.090625 0.03984375 0.0078125 0.01015625
0 0.10234375 0.03671875 0.0078125 0.0171875
0 0.11640625 0.0453125 0.00703125 0.01484375
0 0.128125 0.0421875 0.00703125 0.01875
0 0.11796875 0.01875 0.00703125 0.01328125
0 0.2453125 0.2453125 0.00703125 0.01015625
0 0.2515625 0.2234375 0.00625 0.01015625
0 0.23828125 0.19765625 0.00625 0.01015625
0 0.22421875 0.2015625 0.0046875 0.01015625
0 0.24296875 0.21796875 0.00703125 0.01484375
0 0.07109375 0.26484375 0.0109375 0.01640625
0 0.08828125 0.21328125 0.00703125 0.01640625
0 0.10390625 0.20625 0.00703125 0.01328125
0 0.09921875 0.19453125 0.00703125 0.01171875
0 0.171875 0.24140625 0.009375 0.01484375
0 0.14765625 0.19609375 0.0078125 0.0171875
0 0.19609375 0.16953125 0.0046875 0.01171875
0 0.21484375 0.153125 0.00625 0.01171875
0 0.21953125 0.1578125 0.0046875 0.01171875
0 0.125 0.12265625 0.00625 0.01171875
0 0.1375 0.109375 0.009375 0.01640625
0 0.159375 0.15234375 0.0046875 0.00859375
0 0.14140625 0.134375 0.00625 0.01328125
0 0.134375 0.1640625 0.0046875 0.01015625
0 0.12578125 0.16484375 0.0078125 0.01875
0 0.096875 0.16484375 0.0078125 0.01640625
0 0.09296875 0.12421875 0.0078125 0.01171875
0 0.1234375 0.10078125 0.00703125 0.01328125
0 0.10390625 0.115625 0.00703125 0.01328125
0 0.10078125 0.06015625 0.0046875 0.01171875
0 0.1015625 0.096875 0.00625 0.00859375
0 0.153125 0.10390625 0.0046875 0.01171875
0 0.1609375 0.1171875 0.00625 0.01171875
0 0.2640625 0.17109375 0.00703125 0.01484375
0 0.30546875 0.17109375 0.00703125 0.01328125
0 0.253125 0.1359375 0.00703125 0.01171875
0 0.24140625 0.1421875 0.0046875 0.01171875
0 0.2265625 0.14609375 0.00390625 0.01015625
0 0.30546875 0.19453125 0.00625 0.01171875
0 0.14375 0.0234375 0.00625 0.01484375
0 0.16484375 0.03984375 0.00625 0.01015625
0 0.16015625 0.0078125 0.0078125 0.015625
0 0.1796875 0.05234375 0.00625 0.01015625
0 0.175 0.0921875 0.00625 0.01328125
0 0.184375 0.12890625 0.0078125 0.01640625
0 0.196875 0.01015625 0.00625 0.01171875
0 0.215625 0.00546875 0.0046875 0.01015625
0 0.2078125 0.07890625 0.00625 0.01171875
0 0.21328125 0.046875 0.0046875 0.01171875
0 0.21328125 0.11875 0.00703125 0.01171875
0 0.20390625 0.12890625 0.009375 0.01875
0 0.23359375 0.10546875 0.0046875 0.01171875
0 0.24375 0.06015625 0.00625 0.01328125
0 0.2640625 0.1078125 0.00625 0.01171875
0 0.2609375 0.09375 0.00625 0.01171875
0 0.228125 0.04375 0.0046875 0.01015625
0 0.21953125 0.06171875 0.00625 0.01171875
0 0.209375 0.06015625 0.00390625 0.00703125
0 0.26875 0.05703125 0.00625 0.01171875
0 0.2484375 0.03515625 0.00625 0.01015625
0 0.2765625 0.0890625 0.00625 0.01015625
0 0.29453125 0.08359375 0.00703125 0.01484375
0 0.27890625 0.028125 0.0046875 0.01171875
0 0.31875 0.1125 0.00703125 0.01328125
0 0.3296875 0.05390625 0.00625 0.01171875
0 0.33046875 0.03515625 0.00703125 0.01484375
0 0.31953125 0.03671875 0.0046875 0.01171875
0 0.3484375 0.01328125 0.0078125 0.01328125
0 0.35 0.03359375 0.0046875 0.01015625
0 0.36171875 0.01328125 0.0046875 0.00859375
0 0.35625 0.05390625 0.0046875 0.00859375
0 0.35 0.0953125 0.0046875 0.00859375
0 0.37734375 0.12421875 0.00859375 0.01484375
0 0.35234375 0.12578125 0.00625 0.01015625
0 0.37734375 0.08046875 0.0046875 0.01015625
0 0.38359375 0.0171875 0.00625 0.01015625
0 0.38515625 0.06015625 0.00703125 0.01484375
0 0.33125 0.115625 0.00703125 0.01171875
0 0.33671875 0.1609375 0.0046875 0.01171875
0 0.34296875 0.1609375 0.00625 0.01328125
0 0.3390625 0.1828125 0.00703125 0.01328125
0 0.315625 0.18828125 0.00625 0.01015625
0 0.3609375 0.16953125 0.0078125 0.01640625
0 0.3609375 0.14765625 0.00625 0.01328125
0 0.36796875 0.178125 0.00703125 0.01328125
0 0.32734375 0.21484375 0.00703125 0.01640625
0 0.3765625 0.1875 0.00625 0.01640625
0 0.38203125 0.1859375 0.00703125 0.01484375
0 0.41640625 0.19765625 0.0125 0.021875
0 0.40234375 0.12890625 0.00625 0.01171875
0 0.3890625 0.1375 0.00625 0.01171875
0 0.39140625 0.178125 0.00625 0.01171875
0 0.39765625 0.1828125 0.0046875 0.01171875
0 0.39296875 0.21328125 0.00703125 0.01328125
0 0.425 0.21328125 0.009375 0.01640625
0 0.3984375 0.159375 0.00625 0.01171875
0 0.42890625 0.13125 0.0046875 0.01015625
0 0.403125 0.184375 0.00625 0.01171875
0 0.4171875 0.14609375 0.00703125 0.01640625
0 0.4359375 0.184375 0.00625 0.00859375
0 0.0078125 0.2953125 0.00390625 0.01171875
0 0.05 0.27890625 0.0046875 0.01015625
0 0.02265625 0.28359375 0.009375 0.00859375
0 0.003125 0.29375 0.0046875 0.01171875
0 0.0046875 0.25 0.00625 0.01484375
0 0.01953125 0.21953125 0.00625 0.01328125
0 0.0453125 0.24453125 0.00625 0.01171875
0 0.0578125 0.2703125 0.00625 0.01015625
0 0.053125 0.2515625 0.00625 0.01328125
0 0.05625 0.24453125 0.00625 0.01328125
0 0.0796875 0.26484375 0.0046875 0.00859375
0 0.121875 0.25703125 0.00390625 0.00859375
0 0.0984375 0.253125 0.0046875 0.01015625
0 0.1390625 0.19765625 0.00625 0.01328125
0 0.08984375 0.16640625 0.00625 0.01171875
0 0.0875 0.14609375 0.00703125 0.01328125
0 0.0109375 0.10234375 0.0046875 0.01015625
0 0.01171875 0.1140625 0.00625 0.01328125
0 0.0171875 0.0703125 0.00703125 0.01328125
0 0.003125 0.07109375 0.00625 0.0171875
0 0.09296875 0.1125 0.00625 0.01171875
0 0.11484375 0.065625 0.00703125 0.01015625
0 0.08125 0.01484375 0.00390625 0.01015625
0 0.05546875 0.03671875 0.00703125 0.01484375
0 0.0703125 0.0171875 0.00625 0.01328125
0 0.11015625 0.0046875 0.0046875 0.00859375
0 0.09296875 0.08359375 0.00703125 0.01328125
0 0.196875 0.028125 0.00703125 0.01484375
0 0.19609375 0.05546875 0.00390625 0.00859375
0 0.2484375 0.01875 0.0046875 0.01171875
0 0.265625 0.01875 0.00625 0.01328125
0 0.3015625 0.1171875 0.00625 0.01015625
0 0.31328125 0.1328125 0.00703125 0.01484375
0 0.27734375 0.1109375 0.00625 0.01171875
0 0.31328125 0.16484375 0.00625 0.01328125
0 0.36328125 0.21328125 0.0078125 0.01015625
0 0.3609375 0.184375 0.00625 0.01015625
0 0.378125 0.1578125 0.0046875 0.00859375
0 0.44921875 0.17265625 0.00625 0.01328125
0 0.44296875 0.1828125 0.00859375 0.01171875
0 0.453125 0.15078125 0.00625 0.01015625
0 0.52890625 0.1828125 0.00703125 0.01484375
0 0.5109375 0.1625 0.00625 0.01171875
0 0.51796875 0.18125 0.00859375 0.01640625
0 0.55703125 0.18984375 0.00859375 0.01640625
0 0.53828125 0.153125 0.00625 0.01015625
0 0.54609375 0.14296875 0.00703125 0.01484375
0 0.57734375 0.1765625 0.00625 0.01640625
0 0.56875 0.19296875 0.00703125 0.01171875
0 0.56015625 0.209375 0.00859375 0.0171875
0 0.575 0.20625 0.0046875 0.01328125
0 0.52421875 0.12265625 0.00625 0.01015625
0 0.5046875 0.12265625 0.0046875 0.01015625
0 0.503125 0.1578125 0.00625 0.00859375
0 0.42265625 0.03359375 0.0046875 0.01015625
0 0.42109375 0.01015625 0.00625 0.01328125
0 0.40859375 0.0171875 0.00859375 0.0171875
0 0.39296875 0.01171875 0.0046875 0.01328125
0 0.434375 0.01171875 0.0046875 0.01015625
0 0.45 0.028125 0.00703125 0.01328125
0 0.4421875 0.07421875 0.0078125 0.01484375
0 0.43671875 0.0953125 0.0046875 0.01015625
0 0.43671875 0.03984375 0.0046875 0.01015625
0 0.4625 0.07421875 0.00625 0.01015625
0 0.4203125 0.07890625 0.00625 0.01015625
0 0.42421875 0.0921875 0.00703125 0.01015625
0 0.4734375 0.12890625 0.00625 0.01171875
0 0.465625 0.10390625 0.00625 0.01328125
0 0.45859375 0.1078125 0.0046875 0.00703125
0 0.46796875 0.05390625 0.00625 0.01171875
0 0.4765625 0.03984375 0.0078125 0.01875
0 0.4703125 0.0265625 0.0046875 0.01171875
0 0.47578125 0.09921875 0.00390625 0.01015625
0 0.48984375 0.096875 0.0046875 0.01328125
0 0.5171875 0.10703125 0.0046875 0.00859375
0 0.5078125 0.08046875 0.00390625 0.01171875
0 0.52265625 0.05390625 0.00625 0.01484375
0 0.49921875 0.02890625 0.00625 0.01328125
0 0.48828125 0.01875 0.00625 0.01484375
0 0.5484375 0.01484375 0.00703125 0.01328125
0 0.5125 0.05859375 0.0046875 0.01171875
0 0.56328125 0.03203125 0.00703125 0.01484375
0 0.54375 0.10390625 0.00625 0.01015625
0 0.575 0.1078125 0.00625 0.01328125
0 0.56796875 0.1140625 0.0046875 0.01328125
0 0.54375 0.090625 0.0046875 0.00859375
0 0.5328125 0.07890625 0.00625 0.01015625
0 0.53203125 0.10390625 0.0046875 0.01015625
0 0.55546875 0.05859375 0.0046875 0.01015625
0 0.5921875 0.07734375 0.0046875 0.01328125
0 0.60234375 0.13125 0.00703125 0.01640625
0 0.58515625 0.1140625 0.00703125 0.01171875
0 0.6078125 0.0640625 0.0078125 0.01484375
0 0.5796875 0.03984375 0.00625 0.01171875
0 0.5875 0.01875 0.0046875 0.01171875
0 0.5796875 0.0109375 0.0125 0.021875
0 0.60078125 0.03671875 0.0046875 0.00703125
0 0.615625 0.06875 0.0046875 0.01328125
0 0.64453125 0.08046875 0.00625 0.01171875
0 0.65390625 0.1359375 0.00703125 0.01328125
0 0.60859375 0.14921875 0.0078125 0.01640625
0 0.6578125 0.0203125 0.00703125 0.01484375
0 0.6625 0.01015625 0.00703125 0.01328125
0 0.87578125 0.19609375 0.00625 0.01640625
0 0.9 0.16796875 0.00703125 0.01328125
0 0.884375 0.16796875 0.0046875 0.01171875
0 0.8546875 0.1828125 0.00859375 0.01171875
0 0.8421875 0.15078125 0.00703125 0.01171875
0 0.8671875 0.14765625 0.00625 0.01328125
0 0.9015625 0.140625 0.00625 0.01328125
0 0.971875 0.23671875 0.0078125 0.01484375
0 0.97109375 0.14921875 0.00703125 0.01171875
0 0.9234375 0.1640625 0.00859375 0.0171875
0 0.94375 0.14609375 0.00625 0.01328125
0 0.9375 0.1171875 0.00625 0.01171875
0 0.8875 0.12734375 0.0046875 0.01328125
0 0.8890625 0.08515625 0.00625 0.01328125
0 0.9234375 0.08515625 0.00859375 0.0171875
0 0.91953125 0.06171875 0.00703125 0.01328125
0 0.94375 0.0953125 0.00625 0.00859375
0 0.946875 0.0640625 0.00625 0.01171875
0 0.8890625 0.0484375 0.0078125 0.01640625
0 0.915625 0.02890625 0.0046875 0.00703125
0 0.95546875 0.0484375 0.00703125 0.01328125
0 0.909375 0.01640625 0.00625 0.01171875
0 0.8640625 0.07734375 0.0078125 0.01171875
0 0.85625 0.11875 0.00703125 0.01328125
0 0.86875 0.05234375 0.00703125 0.01171875
0 0.878125 0.01484375 0.00703125 0.01328125
0 0.6203125 0.184375 0.0046875 0.01015625
0 0.5890625 0.16484375 0.00859375 0.01640625
0 0.5921875 0.1875 0.00703125 0.01328125
0 0.65234375 0.184375 0.00625 0.01328125
0 0.67265625 0.2046875 0.0078125 0.01171875
0 0.62109375 0.159375 0.00625 0.01328125
0 0.70703125 0.1796875 0.00390625 0.00859375
0 0.7 0.19453125 0.0046875 0.01015625
0 0.69609375 0.21484375 0.0046875 0.01328125
0 0.7171875 0.21328125 0.0078125 0.01328125
0 0.68359375 0.21015625 0.00625 0.00859375
0 0.690625 0.23515625 0.00625 0.01328125
0 0.703125 0.14296875 0.0078125 0.01484375
0 0.715625 0.1375 0.00859375 0.0171875
0 0.69296875 0.14453125 0.0046875 0.01015625
0 0.68671875 0.17578125 0.0078125 0.01171875
0 0.69375 0.17265625 0.0046875 0.01015625
0 0.76484375 0.21953125 0.00625 0.01015625
0 0.775 0.21796875 0.00625 0.01328125
0 0.74453125 0.23828125 0.00703125 0.01328125
0 0.7328125 0.24296875 0.00703125 0.01328125
0 0.71875 0.23828125 0.00625 0.01328125
0 0.70625 0.2328125 0.00625 0.01484375
0 0.7359375 0.19140625 0.00625 0.01328125
0 0.7453125 0.19140625 0.00703125 0.01640625
0 0.746875 0.16796875 0.0078125 0.01328125
0 0.75703125 0.19296875 0.00625 0.01328125
0 0.77890625 0.19296875 0.00703125 0.01640625
0 0.80703125 0.17109375 0.00703125 0.01484375
0 0.78203125 0.1625 0.00625 0.01171875
0 0.7546875 0.1546875 0.00625 0.01328125
0 0.79375 0.1390625 0.00625 0.01171875
0 0.775 0.1359375 0.00625 0.01171875
0 0.80625 0.14921875 0.00703125 0.01171875
0 0.7953125 0.16640625 0.00625 0.01484375
0 0.603125 0.10234375 0.00625 0.01328125
0 0.61015625 0.01640625 0.00390625 0.00859375
0 0.61171875 0.02890625 0.00703125 0.01328125
0 0.61796875 0.10390625 0.00703125 0.01484375
0 0.68046875 0.1390625 0.00703125 0.01328125
0 0.65234375 0.05703125 0.00625 0.00859375
0 0.6421875 0.12890625 0.00703125 0.01328125
0 0.6875 0.0734375 0.00625 0.01171875
0 0.67265625 0.071875 0.00625 0.01328125
0 0.6703125 0.05078125 0.00390625 0.01171875
0 0.68359375 0.040625 0.00625 0.01640625
0 0.6984375 0.040625 0.00703125 0.01640625
0 0.71015625 0.05390625 0.0078125 0.01328125
0 0.71171875 0.07421875 0.00625 0.01171875
0 0.7015625 0.0234375 0.0046875 0.01328125
0 0.715625 0.01171875 0.0046875 0.01015625
0 0.7125 0.03671875 0.0046875 0.01171875
0 0.678125 0.021875 0.0046875 0.01015625
0 0.68359375 0.0265625 0.00625 0.01015625
0 0.67109375 0.03515625 0.00703125 0.01171875
0 0.703125 0.10078125 0.00390625 0.00859375
0 0.74921875 0.13125 0.00703125 0.01328125
0 0.7046875 0.12265625 0.00703125 0.01171875
0 0.73203125 0.10390625 0.0046875 0.01171875
0 0.7140625 0.10390625 0.00625 0.00859375
0 0.74140625 0.1390625 0.00703125 0.00859375
0 0.7640625 0.13125 0.0078125 0.01171875
0 0.759375 0.09921875 0.00625 0.01484375
0 0.74765625 0.01015625 0.0046875 0.01015625
0 0.753125 0.0484375 0.0046875 0.01328125
0 0.77109375 0.05390625 0.0046875 0.01171875
0 0.76015625 0.0640625 0.0046875 0.01171875
0 0.7671875 0.0875 0.0046875 0.01015625
0 0.7875 0.06015625 0.0046875 0.01015625
0 0.78984375 0.0921875 0.00703125 0.01171875
0 0.7734375 0.03203125 0.00625 0.01484375
0 0.80625 0.0640625 0.00625 0.01328125
0 0.8078125 0.0421875 0.00625 0.00859375
0 0.79296875 0.040625 0.0078125 0.01484375
0 0.78671875 0.0171875 0.0046875 0.01171875
0 0.784375 0.00546875 0.00703125 0.01015625
0 0.7828125 0.04375 0.0046875 0.00859375
0 0.7625 0.0203125 0.00625 0.01328125
0 0.83671875 0.1140625 0.00625 0.01484375
0 0.8234375 0.109375 0.00625 0.01328125
0 0.83984375 0.046875 0.0078125 0.01328125
0 0.79453125 0.01328125 0.00703125 0.01328125
0 0.8109375 0.0203125 0.0046875 0.00859375
0 0.02578125 0.86953125 0.00859375 0.03046875
0 0.490625 0.05546875 0.0078125 0.01328125
0 0.66484375 0.096875 0.00625 0.01171875
0 0.846875 0.0734375 0.0078125 0.01015625
0 0.81171875 0.08515625 0.00703125 0.01171875
0 0.15 0.0703125 0.00859375 0.01640625
0 0.0609375 0.08359375 0.009375 0.01484375
0 0.11171875 0.15625 0.0046875 0.01328125
0 0.27734375 0.19140625 0.0078125 0.01640625
0 0.9171875 0.12109375 0.0078125 0.01171875