0 0.79375 0.44453125 0.0125 0.01875
0 0.8265625 0.44921875 0.009375 0.01875
0 0.85 0.45 0.0125 0.025
0 0.88046875 0.4546875 0.00859375 0.01484375
0 0.89140625 0.475 0.01875 0.0265625
0 0.90703125 0.453125 0.00859375 0.01875
0 0.91953125 0.44921875 0.0125 0.0234375
0 0.9375 0.46171875 0.01171875 0.021875
0 0.9578125 0.46484375 0.0125 0.01640625
0 0.9921875 0.45625 0.009375 0.01640625
0 0.0046875 0.4796875 0.00859375 0.03046875
0 0.0265625 0.471875 0.02421875 0.03203125
0 0.06484375 0.48828125 0.02421875 0.03359375
0 0.05703125 0.459375 0.01484375 0.0234375
0 0.10625 0.5046875 0.02734375 0.03828125
0 0.13828125 0.4953125 0.01640625 0.0265625
0 0.178125 0.4515625 0.0328125 0.046875
0 0.2390625 0.44453125 0.0109375 0.01484375
0 0.26015625 0.428125 0.03046875 0.04375
0 0.33828125 0.434375 0.02421875 0.03984375
0 0.4046875 0.44140625 0.0171875 0.03828125
0 0.41875 0.453125 0.0078125 0.01484375
0 0.4546875 0.46328125 0.01875 0.03046875
0 0.4796875 0.453125 0.0171875 0.02890625
0 0.49296875 0.44609375 0.00625 0.01171875
0 0.6546875 0.46484375 0.00625 0.01171875
0 0.5953125 0.44140625 0.0109375 0.0234375
0 0.6203125 0.44296875 0.0109375 0.0203125
0 0.61015625 0.5015625 0.0234375 0.04375
0 0.6953125 0.43125 0.0140625 0.0234375
0 0.753125 0.46015625 0.0140625 0.0265625
0 0.77578125 0.4515625 0.0109375 0.021875
0 0.5640625 0.4328125 0.00625 0.025
0 0.5328125 0.4359375 0.009375 0.0265625