0 0.97734375 0.4671875 0.040625 0.05390625
0 0.95078125 0.47265625 0.02265625 0.04296875
0 0.95390625 0.29375 0.0203125 0.028125
0 0.86796875 0.49453125 0.05625 0.0796875
0 0.840625 0.49453125 0.02265625 0.05546875
0 0.8390625 0.3140625 0.0203125 0.028125
0 0.77109375 0.31640625 0.01640625 0.028125
0 0.7515625 0.32109375 0.01875 0.02734375
0 0.6984375 0.33359375 0.01953125 0.02421875
0 0.82890625 0.50390625 0.01484375 0.0296875
0 0.228125 0.59921875 0.03125 0.05078125
0 0.3375 0.5796875 0.03515625 0.05234375
0 0.42734375 0.53828125 0.02265625 0.03828125
0 0.45078125 0.52265625 0.01875 0.03984375
0 0.47109375 0.54296875 0.034375 0.05390625
0 0.55859375 0.534375 0.0390625 0.05859375
0 0.63203125 0.52734375 0.034375 0.05390625
0 0.628125 0.315625 0.021875 0.03515625
0 0.59296875 0.36328125 0.0140625 0.02265625
0 0.56328125 0.33671875 0.0171875 0.0296875
0 0.54296875 0.35625 0.01953125 0.0328125
0 0.50625 0.3609375 0.0203125 0.02734375
0 0.45625 0.33515625 0.02421875 0.03515625
0 0.43828125 0.35625 0.0171875 0.028125
0 0.3484375 0.32109375 0.02421875 0.04140625
0 0.28046875 0.390625 0.01875 0.034375
0 0.2421875 0.4046875 0.01953125 0.0328125
0 0.22734375 0.36953125 0.02265625 0.03125
0 0.68125 0.52578125 0.04296875 0.07265625
0 0.18828125 0.57109375 0.02734375 0.046875
0 0.1125 0.22734375 0.040625 0.07421875
0 0.78984375 0.51015625 0.03125 0.05546875
0 0.9125 0.48125 0.02421875 0.05234375