0 0.45390625 0.26953125 0.05859375 0.053125
0 0.67265625 0.17734375 0.0453125 0.04921875
0 0.70703125 0.23359375 0.0375 0.0421875
0 0.809375 0.31640625 0.05546875 0.05234375
0 0.8296875 0.26328125 0.0390625 0.04453125
0 0.853125 0.22890625 0.04375 0.04296875
0 0.359375 0.26796875 0.0453125 0.04375
0 0.3484375 0.18515625 0.05 0.04296875
0 0.23671875 0.2671875 0.04609375 0.04609375
0 0.1890625 0.2265625 0.0421875 0.04140625
0 0.23671875 0.18203125 0.03828125 0.03984375
0 0.11171875 0.3078125 0.0578125 0.05
0 0.134375 0.2765625 0.0390625 0.0453125
0 0.575 0.14609375 0.04296875 0.03671875
0 0.6984375 0.296875 0.05 0.05625
0 0.7859375 0.515625 0.0671875 0.05703125
0 0.353125 0.4984375 0.06875 0.05859375
0 0.36640625 0.46484375 0.05390625 0.0546875
0 0.23125 0.11171875 0.0203125 0.02265625
0 0.51015625 0.22734375 0.04609375 0.04921875
0 0.23984375 0.215625 0.0359375 0.04765625