0 0.72109375 0.42109375 0.04765625 0.08828125
0 0.5609375 0.46953125 0.03515625 0.0859375
0 0.4953125 0.4078125 0.04765625 0.08984375
0 0.425 0.49453125 0.0484375 0.1015625
0 0.1140625 0.428125 0.0375 0.075
0 0.0765625 0.465625 0.0453125 0.09140625
0 0.78203125 0.61328125 0.059375 0.10625
0 0.92890625 0.42109375 0.04609375 0.07109375
0 0.903125 0.4375 0.03984375 0.07421875
0 0.78671875 0.43125 0.0515625 0.0828125
0 0.9921875 0.44296875 0.015625 0.04140625
0 0.06328125 0.47421875 0.0515625 0.10625
0 0.65390625 0.45625 0.04375 0.0859375
0 0.575 0.5125 0.04375 0.0828125