0 0.153125 0.2765625 0.0453125 0.0765625
0 0.06015625 0.11328125 0.0203125 0.03984375
0 0.1546875 0.12265625 0.01640625 0.03125
0 0.22578125 0.115625 0.0171875 0.0328125
0 0.27578125 0.2 0.01875 0.0296875
0 0.353125 0.246875 0.03984375 0.06640625
0 0.48515625 0.21796875 0.034375 0.05703125
0 0.45 0.20546875 0.01640625 0.034375
0 0.53828125 0.30234375 0.034375 0.0734375
0 0.7046875 0.253125 0.040625 0.071875
0 0.85078125 0.1796875 0.0390625 0.065625
0 0.6 0.13046875 0.015625 0.0296875
0 0.7265625 0.11015625 0.021875 0.034375
0 0.78203125 0.10078125 0.0171875 0.034375
0 0.0921875 0.21640625 0.0171875 0.03125
0 0.75703125 0.19375 0.021875 0.034375
0 0.66796875 0.01015625 0.015625 0.0203125
0 0.70625 0.0078125 0.0140625 0.01484375
0 0.92734375 0.30234375 0.01875 0.040625