0 0.55546875 0.20703125 0.04296875 0.1125
0 0.61015625 0.21015625 0.046875 0.09140625
0 0.03046875 0.6140625 0.0203125 0.03984375
0 0.1046875 0.615625 0.021875 0.03828125
0 0.15546875 0.60625 0.01875 0.03515625
0 0.20078125 0.59609375 0.01875 0.03515625
0 0.25703125 0.5859375 0.01484375 0.0328125
0 0.04609375 0.5828125 0.01640625 0.0328125
0 0.134375 0.57421875 0.0140625 0.03125
0 0.06328125 0.553125 0.015625 0.0296875
0 0.10859375 0.53671875 0.01640625 0.03125
0 0.18046875 0.56328125 0.01640625 0.0296875
0 0.23046875 0.5625 0.015625 0.0296875
0 0.309375 0.49140625 0.01875 0.03515625