0 0.10703125 0.1171875 0.0515625 0.084375
0 0.0140625 0.04140625 0.028125 0.04921875
0 0.2265625 0.234375 0.0375 0.053125
0 0.35 0.08359375 0.03203125 0.05078125
0 0.44609375 0.203125 0.028125 0.04921875
0 0.41484375 0.12109375 0.028125 0.04921875
0 0.490625 0.103125 0.03203125 0.05234375
0 0.7734375 0.703125 0.08984375 0.06015625
0 0.55546875 0.071875 0.0328125 0.053125
0 0.59765625 0.025 0.0328125 0.05
0 0.6296875 0.21484375 0.0453125 0.0765625
0 0.73046875 0.1 0.0328125 0.0546875
0 0.96015625 0.13515625 0.0375 0.053125
0 0.2171875 0.04921875 0.021875 0.0375
0 0.20234375 0.0953125 0.028125 0.046875
0 0.1625 0.10703125 0.03125 0.05078125
0 0.20625 0.140625 0.025 0.04296875
0 0.2640625 0.12734375 0.025 0.0453125
0 0.2796875 0.08046875 0.021875 0.0390625
0 0.3109375 0.078125 0.0328125 0.05234375
0 0.325 0.03125 0.0234375 0.0390625
0 0.3375 0.34609375 0.03515625 0.05234375
0 0.45234375 0.09375 0.034375 0.04453125
0 0.43203125 0.0859375 0.0265625 0.053125
0 0.653125 0.08984375 0.02421875 0.0484375
0 0.6859375 0.10390625 0.028125 0.046875
0 0.7078125 0.08203125 0.03125 0.05703125
0 0.94765625 0.06015625 0.028125 0.053125