0 0.19453125 0.46875 0.05 0.11796875
0 0.29296875 0.46875 0.04296875 0.109375
0 0.1453125 0.2484375 0.03828125 0.0953125
0 0.20390625 0.17890625 0.03984375 0.1109375
0 0.3078125 0.1546875 0.03828125 0.0921875
0 0.26796875 0.278125 0.03984375 0.096875
0 0.41328125 0.265625 0.03984375 0.10078125
0 0.3546875 0.18203125 0.03125 0.08515625
0 0.43125 0.14609375 0.03828125 0.096875
0 0.48984375 0.22421875 0.03984375 0.10625
0 0.5375 0.14765625 0.03828125 0.09921875
0 0.40703125 0.46171875 0.04296875 0.09921875
0 0.54765625 0.440625 0.0390625 0.10078125
0 0.6109375 0.41875 0.046875 0.1109375
0 0.7109375 0.53828125 0.040625 0.10234375
0 0.7828125 0.465625 0.04609375 0.1078125
0 0.621875 0.1734375 0.03828125 0.0953125
0 0.67421875 0.22421875 0.04375 0.10625
0 0.6921875 0.0921875 0.04375 0.096875
0 0.75703125 0.10390625 0.0296875 0.07265625
0 0.7515625 0.22421875 0.040625 0.096875
0 0.82890625 0.22734375 0.0453125 0.10625
0 0.80390625 0.07109375 0.034375 0.08125
0 0.88359375 0.21171875 0.0359375 0.08125
0 0.90546875 0.11484375 0.0375 0.08828125
0 0.86015625 0.05546875 0.01953125 0.03828125
0 0.925 0.03984375 0.01875 0.04140625
0 0.96640625 0.0484375 0.01640625 0.0328125
0 0.8875 0.02265625 0.0171875 0.04140625
0 0.9125 0.27578125 0.03984375 0.09375
0 0.06875 0.0765625 0.01640625 0.03828125
0 0.0296875 0.046875 0.01640625 0.04375
0 0.1140625 0.059375 0.01640625 0.034375
0 0.1140625 0.10234375 0.0125 0.03125
0 0.16796875 0.05703125 0.015625 0.0328125
0 0.1546875 0.03671875 0.0140625 0.0296875
0 0.08828125 0.0484375 0.01484375 0.0328125
0 0.05625 0.05234375 0.0140625 0.0296875
0 0.83828125 0.02109375 0.01484375 0.03125