0 0.0515625 0.66640625 0.06328125 0.14609375
0 0.14609375 0.646875 0.0578125 0.08984375
0 0.265625 0.53359375 0.05625 0.09140625
0 0.196875 0.18515625 0.0328125 0.07265625
0 0.371875 0.49609375 0.0328125 0.0703125
0 0.440625 0.375 0.028125 0.046875
0 0.459375 0.42421875 0.0234375 0.0328125
0 0.4703125 0.4859375 0.03125 0.05078125
0 0.6578125 0.25390625 0.0421875 0.0640625
0 0.59921875 0.428125 0.03984375 0.05625
0 0.809375 0.26015625 0.0375 0.0546875
0 0.88203125 0.41015625 0.03046875 0.04921875
0 0.77734375 0.46640625 0.02734375 0.06640625
0 0.7625 0.47265625 0.02734375 0.0609375