0 0.24140625 0.5734375 0.065625 0.1046875
0 0.32265625 0.53125 0.034375 0.09140625
0 0.303125 0.40625 0.04296875 0.0734375
0 0.41484375 0.3734375 0.0234375 0.04140625
0 0.1609375 0.41796875 0.0421875 0.06484375
0 0.1390625 0.38125 0.02734375 0.0515625
0 0.09921875 0.35703125 0.01640625 0.053125
0 0.22265625 0.3515625 0.03125 0.0546875
0 0.3328125 0.325 0.01484375 0.03203125
0 0.546875 0.4515625 0.040625 0.0703125
0 0.6 0.41015625 0.028125 0.0546875
0 0.71953125 0.38359375 0.02421875 0.04375
0 0.7921875 0.33671875 0.01953125 0.03203125
0 0.46953125 0.29296875 0.0265625 0.04375
0 0.87890625 0.278125 0.01953125 0.03203125
0 0.834375 0.30625 0.0203125 0.03828125
0 0.76328125 0.2984375 0.01640625 0.03828125
0 0.8 0.29375 0.0203125 0.025
0 0.703125 0.296875 0.01171875 0.0234375
0 0.728125 0.24375 0.0109375 0.01875
0 0.82109375 0.26640625 0.0109375 0.01640625
0 0.77421875 0.2453125 0.01171875 0.0203125
0 0.85703125 0.26796875 0.00859375 0.0203125
0 0.81796875 0.21015625 0.00703125 0.01796875
0 0.80625 0.25859375 0.009375 0.01796875
0 0.8640625 0.23828125 0.00703125 0.01015625
0 0.87734375 0.20703125 0.00703125 0.021875
0 0.52578125 0.1953125 0.00703125 0.01640625
0 0.5328125 0.2046875 0.00625 0.01484375
0 0.471875 0.2 0.00625 0.01171875
0 0.48203125 0.2515625 0.00703125 0.01640625
0 0.19609375 0.2796875 0.0125 0.0203125
0 0.1765625 0.26015625 0.0109375 0.01875
0 0.21484375 0.253125 0.00625 0.01171875
0 0.09375 0.55625 0.021875 0.06328125
0 0.62734375 0.26171875 0.0109375 0.01796875
0 0.6703125 0.30703125 0.01640625 0.03359375
0 0.9875 0.41171875 0.025 0.05625
0 0.87109375 0.4484375 0.0375 0.05625
0 0.75859375 0.2046875 0.009375 0.01484375
0 0.8359375 0.2 0.009375 0.0203125
0 0.91484375 0.1984375 0.01171875 0.021875
0 0.97890625 0.19296875 0.0125 0.021875
0 0.5796875 0.25859375 0.0125 0.0234375
0 0.60234375 0.25703125 0.0078125 0.01875
0 0.54375 0.26015625 0.01171875 0.01875
0 0.5453125 0.3265625 0.03203125 0.0453125
0 0.14375 0.31171875 0.01484375 0.0265625
0 0.1921875 0.33828125 0.0140625 0.03203125
0 0.1546875 0.28671875 0.015625 0.0234375
0 0.23203125 0.30625 0.02265625 0.0484375