0 0.43828125 0.3296875 0.09296875 0.1359375
0 0.06484375 0.51796875 0.01640625 0.0234375
0 0.12578125 0.51484375 0.0296875 0.04296875
0 0.18515625 0.5203125 0.03046875 0.0453125
0 0.246875 0.52265625 0.0265625 0.046875
0 0.246875 0.61171875 0.02734375 0.04921875
0 0.18671875 0.62578125 0.01484375 0.02734375
0 0.1625 0.62734375 0.015625 0.025
0 0.13125 0.61953125 0.0140625 0.021875
0 0.06875 0.615625 0.02734375 0.046875
0 0.06953125 0.70390625 0.0171875 0.0296875
0 0.1890625 0.8015625 0.025 0.04453125
0 0.1265625 0.809375 0.025 0.0390625
0 0.0671875 0.80546875 0.03203125 0.05234375