0 0.1578125 0.1015625 0.00859375 0.0109375
0 0.48046875 0.603125 0.021875 0.0328125
0 0.72421875 0.59765625 0.00859375 0.0109375
0 0.6140625 0.5921875 0.00703125 0.009375
0 0.66015625 0.59765625 0.00625 0.0078125
0 0.640625 0.59765625 0.0078125 0.00859375
0 0.01875 0.815625 0.0140625 0.0140625
0 0.14375 0.8421875 0.0109375 0.0109375
0 0.34453125 0.85546875 0.003125 0.00703125
0 0.38984375 0.84765625 0.0078125 0.00859375
0 0.46953125 0.8546875 0.00625 0.0078125
0 0.40390625 0.8484375 0.00703125 0.0078125
0 0.51640625 0.84296875 0.034375 0.03984375
0 0.5671875 0.828125 0.03125 0.0328125
0 0.62890625 0.828125 0.0296875 0.03515625
0 0.721875 0.84453125 0.0375 0.040625
0 0.1828125 0.10234375 0.00859375 0.00859375
0 0.13125 0.10546875 0.00703125 0.0078125
0 0.10703125 0.10234375 0.00703125 0.0078125
0 0.31953125 0.07890625 0.021875 0.03046875
0 0.3546875 0.0875 0.01640625 0.0234375
0 0.375 0.0703125 0.0171875 0.0234375
0 0.41875 0.08125 0.0234375 0.028125
0 0.44453125 0.0890625 0.0171875 0.0265625
0 0.4890625 0.0734375 0.0140625 0.0171875
0 0.503125 0.10078125 0.040625 0.06328125
0 0.56484375 0.103125 0.0203125 0.0296875
0 0.63203125 0.09765625 0.0375 0.04609375
0 0.72734375 0.07734375 0.05625 0.07421875
0 0.25234375 0.32734375 0.01875 0.025
0 0.3421875 0.30078125 0.0296875 0.03828125
0 0.39140625 0.3234375 0.0171875 0.01953125
0 0.4703125 0.3296875 0.02734375 0.03203125
0 0.5390625 0.2984375 0.0171875 0.0265625
0 0.61328125 0.28828125 0.01953125 0.025
0 0.6875 0.28203125 0.021875 0.028125
0 0.82109375 0.3265625 0.00859375 0.01640625
0 0.871875 0.35 0.009375 0.01171875
0 0.96796875 0.32109375 0.0125 0.01484375
0 0.15078125 0.559375 0.0125 0.01484375
0 0.1296875 0.56640625 0.00703125 0.0125
0 0.17734375 0.5578125 0.00859375 0.01484375
0 0.25703125 0.6171875 0.0265625 0.03828125
0 0.3171875 0.6140625 0.021875 0.0296875
0 0.4046875 0.6046875 0.0234375 0.0296875
0 0.7625 0.11015625 0.00859375 0.0078125
0 0.475 0.5859375 0.0171875 0.0234375
0 0.684375 0.5984375 0.00625 0.00703125
0 0.4671875 0.84453125 0.00703125 0.0078125
0 0.26875 0.85625 0.0125 0.0265625