0 0.43828125 0.52265625 0.0078125 0.025
0 0.41484375 0.51953125 0.0078125 0.0234375
0 0.8484375 0.4421875 0.03203125 0.0515625
0 0.78515625 0.44609375 0.009375 0.01171875
0 0.63984375 0.45078125 0.0046875 0.01171875
0 0.71171875 0.44375 0.00859375 0.01640625
0 0.71171875 0.50390625 0.009375 0.01640625
0 0.62109375 0.5109375 0.0078125 0.01796875
0 0.60546875 0.4578125 0.00625 0.01171875
0 0.5890625 0.49765625 0.00859375 0.01875
0 0.55390625 0.51953125 0.00859375 0.01875
0 0.5 0.50078125 0.00625 0.01171875
0 0.47734375 0.47890625 0.00625 0.00859375
0 0.54296875 0.4671875 0.00625 0.01171875
0 0.0234375 0.5109375 0.01953125 0.0234375
0 0.08828125 0.5328125 0.01484375 0.025