0 0.62734375 0.3859375 0.03046875 0.0484375
0 0.6828125 0.36796875 0.02734375 0.05390625
0 0.7484375 0.41640625 0.025 0.0515625
0 0.79375 0.4203125 0.02421875 0.059375
0 0.35546875 0.43125 0.021875 0.046875
0 0.40390625 0.425 0.0203125 0.0453125
0 0.14140625 0.43046875 0.02421875 0.04296875
0 0.04765625 0.40234375 0.02265625 0.0453125
0 0.07109375 0.5546875 0.0203125 0.0359375
0 0.465625 0.4328125 0.01171875 0.02890625
0 0.315625 0.43671875 0.0140625 0.0234375
0 0.2703125 0.4234375 0.015625 0.025