0 0.13125 0.22734375 0.02265625 0.07109375
0 0.1078125 0.0953125 0.00703125 0.02109375
0 0.065625 0.0984375 0.0046875 0.0171875
0 0.053125 0.10546875 0.00625 0.0125
0 0.14765625 0.08828125 0.0078125 0.02109375
0 0.1671875 0.0828125 0.0078125 0.02578125
0 0.19609375 0.078125 0.00625 0.015625
0 0.22109375 0.078125 0.00703125 0.02265625
0 0.2609375 0.07265625 0.00703125 0.02265625
0 0.24296875 0.078125 0.00703125 0.0171875
0 0.1234375 0.096875 0.00625 0.015625
0 0.03984375 0.1109375 0.0046875 0.0125