0 0.1609375 0.30625 0.06875 0.1453125
0 0.24765625 0.496875 0.02265625 0.03671875
0 0.36015625 0.4703125 0.025 0.0515625
0 0.575 0.40625 0.015625 0.03359375
0 0.5203125 0.41484375 0.0125 0.0234375
0 0.4828125 0.434375 0.0171875 0.028125
0 0.5046875 0.45 0.01875 0.025
0 0.6125 0.403125 0.01640625 0.03203125
0 0.6578125 0.3859375 0.01171875 0.025
0 0.7140625 0.36640625 0.01171875 0.0203125
0 0.8625 0.42109375 0.01171875 0.01796875
0 0.825 0.409375 0.01484375 0.03046875
0 0.8390625 0.4546875 0.0203125 0.03671875
0 0.8109375 0.4734375 0.01875 0.03984375
0 0.63359375 0.4984375 0.01875 0.03984375