0 0.2734375 0.32421875 0.025 0.05
0 0.134375 0.334375 0.0265625 0.05234375
0 0.3703125 0.36953125 0.0265625 0.05078125
0 0.4234375 0.34609375 0.0234375 0.05
0 0.4921875 0.38359375 0.0234375 0.040625
0 0.4515625 0.375 0.01953125 0.03515625
0 0.390625 0.36328125 0.01953125 0.03046875
0 0.5515625 0.38671875 0.021875 0.04375
0 0.7265625 0.38828125 0.03515625 0.05
0 0.6421875 0.41015625 0.02265625 0.03515625
0 0.8578125 0.4265625 0.0234375 0.03515625
0 0.878125 0.421875 0.01640625 0.028125
0 0.92578125 0.41171875 0.025 0.0625
0 0.34921875 0.3515625 0.0203125 0.0390625
0 0.20546875 0.31640625 0.034375 0.05390625