0 0.09453125 0.41796875 0.040625 0.0703125
0 0.1609375 0.45625 0.0234375 0.03359375
0 0.2921875 0.4265625 0.01484375 0.028125
0 0.17109375 0.253125 0.01875 0.03671875
0 0.06015625 0.26328125 0.0203125 0.028125
0 0.0171875 0.328125 0.034375 0.128125
0 0.3984375 0.409375 0.02734375 0.046875
0 0.45625 0.44453125 0.0125 0.040625
0 0.484375 0.44609375 0.0171875 0.028125
0 0.5265625 0.4375 0.015625 0.03359375
0 0.540625 0.4328125 0.00703125 0.01640625
0 0.61640625 0.3578125 0.0921875 0.1828125
0 0.73984375 0.37734375 0.05 0.08203125
0 0.80078125 0.384375 0.046875 0.1171875
0 0.53203125 0.525 0.01953125 0.03515625
0 0.553125 0.4578125 0.00703125 0.01015625