0 0.228125 0.32734375 0.04375 0.08671875
0 0.31640625 0.32578125 0.0390625 0.071875
0 0.3828125 0.24609375 0.0546875 0.10546875
0 0.42578125 0.26796875 0.02734375 0.071875
0 0.1359375 0.2859375 0.0453125 0.090625
0 0.08515625 0.3046875 0.040625 0.08359375
0 0.6234375 0.25234375 0.04609375 0.0890625
0 0.51796875 0.315625 0.0359375 0.0734375
0 0.76875 0.26796875 0.04609375 0.08046875
0 0.97265625 0.2625 0.03515625 0.075
0 0.82734375 0.2375 0.053125 0.0984375
0 0.5703125 0.51328125 0.1078125 0.20234375