0 0.62578125 0.7953125 0.04296875 0.08359375
0 0.52734375 0.746875 0.040625 0.0640625
0 0.5734375 0.6703125 0.0328125 0.0640625
0 0.7796875 0.75078125 0.03984375 0.0640625
0 0.884375 0.7453125 0.040625 0.0625
0 0.86875 0.61328125 0.03984375 0.065625
0 0.75390625 0.65625 0.0390625 0.0515625
0 0.6609375 0.64921875 0.028125 0.0515625
0 0.67109375 0.57421875 0.03046875 0.0484375
0 0.59296875 0.515625 0.01953125 0.0359375
0 0.6578125 0.51484375 0.025 0.040625
0 0.81328125 0.5453125 0.0296875 0.0484375
0 0.73515625 0.5796875 0.028125 0.04140625
0 0.68359375 0.4546875 0.0234375 0.03359375
0 0.60078125 0.4578125 0.0203125 0.03359375
0 0.53125 0.55078125 0.01953125 0.03359375
0 0.46640625 0.4671875 0.028125 0.04765625
0 0.76875 0.47421875 0.02421875 0.040625
0 0.3765625 0.57890625 0.03515625 0.065625
0 0.31015625 0.5078125 0.0265625 0.04140625
0 0.11875 0.48671875 0.0734375 0.1015625
0 0.3015625 0.4046875 0.01875 0.02890625
0 0.3 0.4046875 0.0203125 0.02890625
0 0.4171875 0.340625 0.0234375 0.040625
0 0.48125 0.31875 0.02265625 0.03359375
0 0.54765625 0.2765625 0.0203125 0.03515625
0 0.59375 0.41015625 0.015625 0.028125
0 0.5671875 0.45625 0.01640625 0.03046875
0 0.27421875 0.465625 0.025 0.0359375
0 0.39921875 0.72734375 0.0265625 0.0625
0 0.21171875 0.415625 0.0140625 0.0265625
0 0.1046875 0.290625 0.01953125 0.02890625
0 0.10625 0.3421875 0.0390625 0.090625
0 0.29375 0.28359375 0.0109375 0.01953125
0 0.24921875 0.2671875 0.009375 0.015625
0 0.23671875 0.2796875 0.00859375 0.01796875
0 0.6453125 0.3921875 0.01484375 0.03515625
0 0.71484375 0.2515625 0.009375 0.02109375
0 0.60546875 0.2546875 0.009375 0.01796875
0 0.69453125 0.2625 0.00859375 0.015625
0 0.4109375 0.0890625 0.00625 0.0125
0 0.74140625 0.42734375 0.02265625 0.028125
0 0.00859375 0.1046875 0.01171875 0.015625
0 0.565625 0.61328125 0.0234375 0.0375
0 0.67578125 0.41875 0.015625 0.01953125
0 0.61015625 0.42578125 0.0109375 0.0265625
0 0.50546875 0.2546875 0.0109375 0.025
0 0.37734375 0.3703125 0.01484375 0.0265625
0 0.3 0.315625 0.0109375 0.0234375