0 0.47890625 0.5046875 0.05 0.06640625
0 0.88046875 0.0421875 0.03046875 0.03515625
0 0.62890625 0.19140625 0.03125 0.03515625
0 0.41953125 0.23515625 0.02265625 0.02265625
0 0.2984375 0.21484375 0.025 0.02734375
0 0.35078125 0.128125 0.02421875 0.03125
0 0.5140625 0.190625 0.0234375 0.025
0 0.5828125 0.1046875 0.0265625 0.0265625
0 0.62890625 0.12109375 0.0234375 0.02265625
0 0.70625 0.09453125 0.02734375 0.0265625
0 0.7484375 0.1421875 0.02734375 0.028125
0 0.7828125 0.0890625 0.02265625 0.025
0 0.76640625 0.1125 0.02265625 0.02734375
0 0.8 0.06953125 0.02265625 0.028125
0 0.79765625 0.04375 0.01875 0.02734375
0 0.771875 0.0390625 0.03125 0.03046875
0 0.4453125 0.2765625 0.015625 0.01484375
0 0.7671875 0.07421875 0.01875 0.021875
0 0.790625 0.1125 0.02421875 0.02734375