0 0.5140625 0.046875 0.05390625 0.09375
0 0.3390625 0.11015625 0.03515625 0.06640625
0 0.8609375 0.35234375 0.025 0.06953125
0 0.9328125 0.36015625 0.025 0.05625
0 0.884375 0.78828125 0.0640625 0.10859375
0 0.0796875 0.88359375 0.04375 0.08359375
0 0.1375 0.60234375 0.0265625 0.08203125
0 0.159375 0.29921875 0.025 0.06328125
0 0.73046875 0.65390625 0.0296875 0.06171875
0 0.675 0.20546875 0.0140625 0.02421875
0 0.2609375 0.671875 0.028125 0.0515625
0 0.17265625 0.375 0.0296875 0.07265625
0 0.98125 0.375 0.01953125 0.0390625