0 0.38046875 0.0328125 0.0125 0.040625
0 0.4046875 0.04921875 0.0125 0.03671875
0 0.3515625 0.0796875 0.01171875 0.03671875
0 0.3421875 0.02265625 0.0109375 0.02421875
0 0.32734375 0.009375 0.00703125 0.01875
0 0.4203125 0.1 0.01171875 0.0328125
0 0.3703125 0.0671875 0.00859375 0.0328125
0 0.35390625 0.05078125 0.0109375 0.03046875
0 0.85234375 0.20859375 0.0546875 0.16796875
0 0.7640625 0.3375 0.05625 0.18828125
0 0.80390625 0.65 0.0546875 0.16953125
0 0.5265625 0.6484375 0.03984375 0.0984375
0 0.14296875 0.59296875 0.03984375 0.10390625
0 0.65546875 0.24140625 0.02265625 0.0671875
0 0.60234375 0.33125 0.0265625 0.0796875
0 0.47578125 0.43984375 0.028125 0.0734375
0 0.484375 0.38046875 0.025 0.053125
0 0.44453125 0.38203125 0.02265625 0.0671875
0 0.36796875 0.39453125 0.02734375 0.0796875
0 0.41796875 0.2375 0.01953125 0.04921875
0 0.346875 0.22734375 0.01875 0.06328125
0 0.3296875 0.18828125 0.02265625 0.04921875
0 0.378125 0.16953125 0.01171875 0.046875
0 0.39453125 0.17578125 0.0171875 0.04921875
0 0.6625 0.034375 0.0109375 0.02890625