0 0.05 0.2796875 0.02734375 0.0578125
0 0.03984375 0.3453125 0.02265625 0.04765625
0 0.03203125 0.4015625 0.03046875 0.0578125
0 0.0734375 0.58203125 0.034375 0.0640625
0 0.11328125 0.44296875 0.02734375 0.0578125
0 0.12890625 0.4234375 0.021875 0.04453125
0 0.1765625 0.41640625 0.021875 0.05
0 0.19296875 0.44453125 0.02265625 0.04765625
0 0.253125 0.3984375 0.021875 0.03671875
0 0.26640625 0.428125 0.01953125 0.0546875
0 0.29296875 0.4046875 0.0171875 0.0515625
0 0.34921875 0.44921875 0.02421875 0.06796875
0 0.3609375 0.38515625 0.01640625 0.04296875
0 0.3890625 0.41015625 0.021875 0.04609375
0 0.434375 0.428125 0.0265625 0.05
0 0.45859375 0.4828125 0.02265625 0.0515625
0 0.4609375 0.36875 0.021875 0.04453125
0 0.52265625 0.40703125 0.02265625 0.04765625
0 0.528125 0.4546875 0.01953125 0.053125
0 0.56328125 0.47578125 0.02265625 0.0515625
0 0.6 0.403125 0.01640625 0.04453125
0 0.628125 0.41953125 0.0171875 0.053125
0 0.66484375 0.4640625 0.02265625 0.059375
0 0.690625 0.43984375 0.021875 0.0546875
0 0.73671875 0.375 0.02265625 0.0546875
0 0.734375 0.434375 0.0234375 0.0578125
0 0.725 0.58515625 0.0296875 0.07734375
0 0.80859375 0.428125 0.0234375 0.0609375
0 0.83125 0.3359375 0.021875 0.0578125
0 0.8640625 0.365625 0.0234375 0.0546875
0 0.859375 0.47734375 0.0234375 0.0609375
0 0.86875 0.61953125 0.03515625 0.06953125
0 0.959375 0.35234375 0.034375 0.0625
0 0.76953125 0.4296875 0.025 0.053125
0 0.590625 0.45 0.0234375 0.03984375