0 0.325 0.33515625 0.021875 0.03984375
0 0.3859375 0.33671875 0.02734375 0.0484375
0 0.4484375 0.31015625 0.028125 0.0515625
0 0.50703125 0.30625 0.02734375 0.0453125
0 0.38515625 0.5125 0.04375 0.075
0 0.48515625 0.5171875 0.04609375 0.07734375
0 0.57734375 0.2328125 0.03125 0.06015625
0 0.6640625 0.31796875 0.0296875 0.05
0 0.5953125 0.5390625 0.0421875 0.07734375
0 0.69453125 0.5875 0.0390625 0.07734375
0 0.73515625 0.33203125 0.0234375 0.05234375
0 0.76875 0.33203125 0.0265625 0.0421875
0 0.8234375 0.31171875 0.03046875 0.0515625
0 0.784375 0.5796875 0.0484375 0.07578125
0 0.134375 0.48203125 0.04296875 0.07734375
0 0.26328125 0.33515625 0.02421875 0.0453125
0 0.2703125 0.5109375 0.04609375 0.07578125