0 0.775 0.3296875 0.0171875 0.03984375
0 0.503125 0.334375 0.0171875 0.03671875
0 0.46796875 0.3609375 0.0171875 0.03984375
0 0.41796875 0.409375 0.0140625 0.03125
0 0.2984375 0.39921875 0.0171875 0.03671875
0 0.65546875 0.39765625 0.0109375 0.03203125
0 0.5109375 0.39921875 0.0125 0.028125
0 0.52109375 0.39296875 0.0125 0.03125
0 0.01875 0.45625 0.0265625 0.0484375
0 0.58828125 0.39296875 0.01484375 0.03828125
0 0.5453125 0.4125 0.0109375 0.028125
0 0.6421875 0.3859375 0.0109375 0.03203125
0 0.68046875 0.39453125 0.01171875 0.0296875
0 0.85078125 0.38125 0.0140625 0.0296875
0 0.428125 0.37421875 0.0140625 0.021875