0 0.3765625 0.54140625 0.0375 0.11796875
0 0.33671875 0.27265625 0.03046875 0.10234375
0 0.2859375 0.45 0.04375 0.11640625
0 0.2453125 0.375 0.034375 0.1109375
0 0.21171875 0.30390625 0.034375 0.096875
0 0.16640625 0.434375 0.04375 0.1234375
0 0.084375 0.47421875 0.04296875 0.1078125
0 0.10625 0.34921875 0.03828125 0.09375
0 0.0703125 0.27265625 0.03515625 0.0953125
0 0.821875 0.60078125 0.0375 0.1078125
0 0.76484375 0.34921875 0.0359375 0.10625
0 0.7328125 0.628125 0.0375 0.09375
0 0.63515625 0.5328125 0.03984375 0.10625
0 0.675 0.39921875 0.0375 0.1109375
0 0.61875 0.25703125 0.0328125 0.1109375
0 0.59453125 0.42890625 0.0328125 0.10078125
0 0.55 0.49453125 0.0375 0.096875
0 0.4640625 0.47578125 0.040625 0.1109375
0 0.4 0.4359375 0.03515625 0.10625
0 0.4734375 0.3296875 0.03515625 0.10234375
0 0.43125 0.2625 0.034375 0.08125
0 0.9203125 0.33359375 0.0390625 0.10390625
0 0.928125 0.621875 0.03828125 0.10390625