0 0.31171875 0.5078125 0.01953125 0.03671875
0 0.43046875 0.4171875 0.04375 0.05390625
0 0.58359375 0.4671875 0.01484375 0.028125
0 0.596875 0.54140625 0.009375 0.0234375
0 0.6375 0.5609375 0.0171875 0.03203125
0 0.6640625 0.52890625 0.009375 0.02890625
0 0.703125 0.49453125 0.009375 0.02890625
0 0.8171875 0.5765625 0.009375 0.02890625
0 0.86953125 0.578125 0.00859375 0.025
0 0.91484375 0.57421875 0.0109375 0.0265625
0 0.95703125 0.5390625 0.0140625 0.0265625
0 0.9953125 0.58125 0.009375 0.03515625
0 0.35859375 0.2265625 0.01484375 0.025