0 0.9109375 0.38125 0.0546875 0.09609375
0 0.5453125 0.37421875 0.05078125 0.05859375
0 0.4640625 0.2953125 0.0390625 0.0640625
0 0.5171875 0.24296875 0.03828125 0.06875
0 0.621875 0.2125 0.03125 0.06875
0 0.7765625 0.19921875 0.0203125 0.03515625
0 0.92109375 0.1453125 0.009375 0.03359375
0 0.9015625 0.11953125 0.01484375 0.0265625
0 0.8796875 0.1015625 0.01484375 0.025
0 0.7703125 0.06953125 0.0109375 0.02890625
0 0.92109375 0.0828125 0.0109375 0.0234375
0 0.47890625 0.05546875 0.01640625 0.040625
0 0.415625 0.0859375 0.015625 0.0375
0 0.32109375 0.1046875 0.0171875 0.0390625
0 0.60625 0.1015625 0.009375 0.0421875
0 0.6890625 0.1453125 0.0109375 0.03515625
0 0.18359375 0.11171875 0.0171875 0.046875
0 0.26328125 0.1078125 0.01484375 0.0421875