0 0.05546875 0.5640625 0.02421875 0.07578125
0 0.0234375 0.5078125 0.0328125 0.06328125
0 0.49921875 0.53125 0.01640625 0.04375
0 0.8171875 0.40234375 0.0125 0.01640625
0 0.73359375 0.35703125 0.00859375 0.01484375
0 0.7140625 0.3 0.00703125 0.01171875
0 0.8390625 0.39375 0.00859375 0.01328125
0 0.89296875 0.375 0.0125 0.01875
0 0.9109375 0.36640625 0.00703125 0.01328125
0 0.896875 0.45078125 0.00625 0.01875
0 0.70625 0.30625 0.00703125 0.0171875
0 0.6640625 0.31171875 0.00625 0.01484375
0 0.75703125 0.43359375 0.00859375 0.01875
0 0.5296875 0.28828125 0.0078125 0.01484375
0 0.51875 0.278125 0.00859375 0.01484375
0 0.50625 0.24453125 0.00703125 0.0171875
0 0.55546875 0.25625 0.0078125 0.01484375
0 0.4625 0.23125 0.0078125 0.01875
0 0.43125 0.2296875 0.009375 0.01640625
0 0.4890625 0.23984375 0.0078125 0.01640625
0 0.5171875 0.24296875 0.00859375 0.01015625
0 0.3984375 0.1875 0.00625 0.01015625
0 0.25703125 0.1671875 0.0109375 0.0171875
0 0.22734375 0.1578125 0.0125 0.01328125
0 0.4265625 0.20078125 0.00625 0.01171875
0 0.140625 0.10703125 0.009375 0.01328125
0 0.1828125 0.1140625 0.0078125 0.01328125
0 0.20546875 0.14609375 0.00859375 0.01484375
0 0.1984375 0.13046875 0.0078125 0.01484375
0 0.115625 0.09375 0.0078125 0.01484375
0 0.084375 0.07734375 0.00859375 0.01328125
0 0.05625 0.0734375 0.0109375 0.01484375
0 0.0359375 0.065625 0.0078125 0.01328125
0 0.0171875 0.0671875 0.0109375 0.01640625
0 0.0125 0.0484375 0.0078125 0.01484375
0 0.0765625 0.0703125 0.00625 0.01328125
0 0.51796875 0.1640625 0.0046875 0.00703125
0 0.83125 0.44765625 0.01171875 0.0234375
0 0.83671875 0.36171875 0.0078125 0.01484375
0 0.41953125 0.1859375 0.0046875 0.01015625
0 0.5203125 0.190625 0.00625 0.00859375
0 0.50625 0.22421875 0.00625 0.00859375
0 0.47734375 0.228125 0.00625 0.01015625
0 0.71796875 0.284375 0.00703125 0.01328125
0 0.7109375 0.28515625 0.00625 0.01015625
0 0.81484375 0.35859375 0.00703125 0.0171875
0 0.77890625 0.321875 0.00703125 0.00859375
0 0.51484375 0.47734375 0.0125 0.03359375
0 0.5359375 0.25625 0.00703125 0.01171875
0 0.78515625 0.540625 0.009375 0.025
0 0.7828125 0.35 0.00625 0.01328125
0 0.753125 0.30625 0.00625 0.01015625
0 0.7296875 0.31171875 0.00859375 0.01640625
0 0.7203125 0.33125 0.00703125 0.01484375
0 0.6375 0.303125 0.00703125 0.01640625
0 0.62265625 0.29453125 0.00703125 0.01484375
0 0.68828125 0.33671875 0.00859375 0.01484375
0 0.6546875 0.2828125 0.00703125 0.01640625
0 0.5890625 0.26953125 0.0046875 0.01171875
0 0.5703125 0.253125 0.00625 0.01328125
0 0.5546875 0.28828125 0.009375 0.01640625
0 0.28125 0.17734375 0.0078125 0.01484375
0 0.30234375 0.1640625 0.00703125 0.01640625
0 0.3296875 0.18046875 0.00625 0.01484375
0 0.34453125 0.19609375 0.00703125 0.01640625
0 0.36328125 0.20234375 0.00625 0.01640625
0 0.3890625 0.2140625 0.0078125 0.01640625
0 0.2796875 0.12734375 0.00625 0.00859375
0 0.3171875 0.1390625 0.00390625 0.00703125
0 0.35078125 0.1578125 0.00625 0.01015625
0 0.36796875 0.1671875 0.00625 0.01171875
0 0.3796875 0.18046875 0.00625 0.01015625
0 0.34453125 0.61640625 0.0171875 0.03359375