0 0.415625 0.43359375 0.0328125 0.12578125
0 0.609375 0.54765625 0.00625 0.01484375
0 0.634375 0.55234375 0.009375 0.01484375
0 0.62421875 0.54140625 0.0078125 0.01640625
0 0.5609375 0.57109375 0.0046875 0.01171875
0 0.5328125 0.57578125 0.0078125 0.01171875
0 0.50859375 0.56953125 0.00625 0.01328125
0 0.5125 0.58828125 0.00625 0.01171875
0 0.54375 0.5140625 0.0046875 0.00859375
0 0.54765625 0.53125 0.0046875 0.01171875
0 0.5671875 0.5125 0.00390625 0.01171875
0 0.509375 0.52421875 0.00625 0.01015625
0 0.509375 0.54140625 0.00859375 0.01328125
0 0.521875 0.5171875 0.00625 0.01171875
0 0.528125 0.52421875 0.00625 0.00859375
0 0.503125 0.50390625 0.0046875 0.01015625
0 0.4859375 0.5359375 0.00859375 0.01171875
0 0.47578125 0.53125 0.0046875 0.01015625
0 0.4578125 0.56640625 0.0046875 0.01171875
0 0.48046875 0.5875 0.00625 0.01328125
0 0.465625 0.51953125 0.0046875 0.01171875
0 0.55859375 0.4828125 0.00625 0.00859375
0 0.59921875 0.484375 0.0046875 0.00703125
0 0.6078125 0.49609375 0.00390625 0.00546875
0 0.61640625 0.52421875 0.00625 0.01171875
0 0.571875 0.5328125 0.00625 0.01015625
0 0.5171875 0.4859375 0.00625 0.01015625
0 0.08125 0.60625 0.00859375 0.01484375
0 0.109375 0.6046875 0.00625 0.0171875
0 0.11796875 0.59140625 0.0078125 0.01875
0 0.1359375 0.584375 0.00625 0.01328125
0 0.14765625 0.60625 0.00703125 0.0171875
0 0.0484375 0.609375 0.0078125 0.01484375
0 0.01953125 0.609375 0.0078125 0.01640625
0 0.053125 0.59296875 0.00703125 0.01484375
0 0.025 0.5609375 0.00625 0.01171875
0 0.0125 0.54765625 0.00625 0.01328125
0 0.00859375 0.57265625 0.00625 0.01171875
0 0.040625 0.54765625 0.00703125 0.01640625
0 0.0453125 0.5328125 0.0078125 0.01328125
0 0.16328125 0.5859375 0.00703125 0.01328125
0 0.153125 0.58984375 0.00859375 0.01640625
0 0.13046875 0.5578125 0.00703125 0.01171875
0 0.146875 0.55078125 0.0046875 0.01015625
0 0.1109375 0.578125 0.0078125 0.0171875
0 0.10625 0.55625 0.00625 0.01328125
0 0.0953125 0.55078125 0.00625 0.01171875
0 0.0875 0.56953125 0.0078125 0.01328125
0 0.0796875 0.52734375 0.00703125 0.01015625
0 0.1 0.5359375 0.00625 0.01171875
0 0.08671875 0.50234375 0.00625 0.01328125
0 0.0578125 0.515625 0.00390625 0.00859375
0 0.0609375 0.56796875 0.0078125 0.01640625
0 0.046875 0.5609375 0.0078125 0.01328125
0 0.034375 0.57265625 0.0078125 0.01484375
0 0.184375 0.57109375 0.00703125 0.01640625
0 0.209375 0.58984375 0.00703125 0.01328125
0 0.171875 0.54609375 0.00625 0.01640625
0 0.16875 0.50390625 0.00625 0.01015625
0 0.215625 0.52734375 0.00703125 0.01015625
0 0.2 0.54140625 0.0078125 0.01328125
0 0.19140625 0.5328125 0.00625 0.01171875
0 0.2125 0.50625 0.00703125 0.01484375
0 0.14609375 0.5171875 0.00703125 0.01015625
0 0.1890625 0.5609375 0.00703125 0.01484375
0 0.20234375 0.559375 0.0078125 0.01171875
0 0.15703125 0.5359375 0.0078125 0.01484375
0 0.025 0.53125 0.00625 0.01015625
0 0.07578125 0.584375 0.00703125 0.01015625
0 0.6546875 0.465625 0.05 0.1125
0 0.825 0.42421875 0.01875 0.04375
0 0.878125 0.6328125 0.009375 0.0171875
0 0.9171875 0.62109375 0.00859375 0.01875
0 0.909375 0.61328125 0.0109375 0.01875
0 0.903125 0.6 0.00703125 0.0171875
0 0.90859375 0.57421875 0.00703125 0.01875
0 0.93671875 0.59296875 0.00703125 0.0171875
0 0.94453125 0.60625 0.00703125 0.0171875
0 0.93203125 0.57578125 0.00703125 0.01640625
0 0.94375 0.56640625 0.0078125 0.0171875
0 0.9265625 0.54921875 0.00703125 0.01328125
0 0.8984375 0.55078125 0.0078125 0.01328125
0 0.86953125 0.57578125 0.00703125 0.01171875
0 0.8859375 0.4921875 0.00625 0.01328125
0 0.865625 0.49609375 0.00625 0.01015625
0 0.58671875 0.628125 0.009375 0.0203125
0 0.61484375 0.61328125 0.00859375 0.01875
0 0.63984375 0.603125 0.0078125 0.01875
0 0.603125 0.61171875 0.009375 0.0171875
0 0.59453125 0.59609375 0.00859375 0.01328125
0 0.57578125 0.61484375 0.0109375 0.0171875
0 0.48203125 0.6234375 0.00859375 0.01640625
0 0.4671875 0.6078125 0.0078125 0.01875
0 0.47421875 0.6 0.00703125 0.0171875
0 0.5109375 0.61171875 0.00703125 0.01484375
0 0.590625 0.57109375 0.00703125 0.01640625
0 0.6234375 0.57578125 0.00625 0.01171875
0 0.64609375 0.56484375 0.0046875 0.01484375
0 0.584375 0.5546875 0.00625 0.01328125