0 0.1265625 0.60390625 0.01484375 0.021875
0 0.1015625 0.58203125 0.009375 0.025
0 0.025 0.5703125 0.0109375 0.0296875
0 0.0421875 0.55390625 0.015625 0.021875
0 0.06484375 0.59765625 0.01484375 0.021875
0 0.18125 0.58203125 0.01484375 0.02890625
0 0.2171875 0.61328125 0.0140625 0.0296875
0 0.27265625 0.62578125 0.01484375 0.03125
0 0.2875 0.58828125 0.0109375 0.02734375
0 0.2390625 0.60546875 0.01484375 0.02890625
0 0.365625 0.5828125 0.01640625 0.025
0 0.32109375 0.58828125 0.0125 0.021875
0 0.46875 0.57890625 0.015625 0.025
0 0.20078125 0.553125 0.0125 0.0171875
0 0.4203125 0.57421875 0.01484375 0.02734375
0 0.4203125 0.60546875 0.0125 0.0296875
0 0.159375 0.55546875 0.00859375 0.0171875
0 0.60703125 0.6171875 0.01484375 0.0234375
0 0.6859375 0.6390625 0.0140625 0.02578125
0 0.734375 0.634375 0.015625 0.02734375
0 0.54375 0.59375 0.015625 0.025
0 0.5671875 0.59453125 0.0140625 0.02109375
0 0.52265625 0.57265625 0.0140625 0.025
0 0.80390625 0.61328125 0.01171875 0.02578125
0 0.8140625 0.57265625 0.0140625 0.0328125
0 0.48828125 0.59609375 0.015625 0.02734375
0 0.91953125 0.61328125 0.01484375 0.03125
0 0.971875 0.6 0.01171875 0.01953125
0 0.92265625 0.57109375 0.01484375 0.02578125
0 0.8828125 0.56875 0.015625 0.0234375