0 0.9703125 0.36328125 0.04375 0.09609375
0 0.4984375 0.52734375 0.053125 0.11875
0 0.596875 0.4484375 0.03046875 0.04609375
0 0.66640625 0.34296875 0.02421875 0.0359375
0 0.78515625 0.42265625 0.0390625 0.07578125
0 0.5109375 0.3703125 0.0171875 0.03359375
0 0.45390625 0.3828125 0.01875 0.0265625
0 0.40234375 0.35703125 0.0171875 0.02578125
0 0.35625 0.37109375 0.01484375 0.0203125
0 0.3640625 0.3328125 0.0109375 0.015625
0 0.33515625 0.33671875 0.01484375 0.021875
0 0.41953125 0.328125 0.0109375 0.01640625
0 0.4484375 0.31484375 0.01171875 0.01953125
0 0.5 0.30078125 0.009375 0.01640625
0 0.16875 0.56328125 0.03046875 0.06953125
0 0.2578125 0.53671875 0.02734375 0.06640625
0 0.146875 0.46953125 0.025 0.0375
0 0.1640625 0.51953125 0.021875 0.040625
0 0.1 0.4546875 0.0234375 0.040625
0 0.0484375 0.4484375 0.01875 0.03203125
0 0.021875 0.396875 0.01875 0.028125
0 0.07109375 0.37421875 0.0125 0.021875
0 0.11640625 0.39296875 0.009375 0.01796875
0 0.1578125 0.36484375 0.015625 0.021875
0 0.19296875 0.340625 0.0125 0.0203125
0 0.46015625 0.296875 0.01171875 0.015625
0 0.271875 0.32265625 0.00703125 0.0140625
0 0.62265625 0.25625 0.0125 0.01796875
0 0.52890625 0.25859375 0.00703125 0.01640625
0 0.4859375 0.284375 0.009375 0.0140625
0 0.328125 0.30234375 0.01171875 0.01640625
0 0.709375 0.65546875 0.0625 0.18046875
0 0.53203125 0.41328125 0.0203125 0.03046875
0 0.5640625 0.40078125 0.02265625 0.03984375
0 0.95625 0.3140625 0.03828125 0.0640625