0 0.21171875 0.12578125 0.015625 0.03828125
0 0.459375 0.1421875 0.0171875 0.03203125
0 0.37734375 0.140625 0.01484375 0.03359375
0 0.31328125 0.096875 0.01640625 0.03984375
0 0.10234375 0.09921875 0.015625 0.03671875
0 0.065625 0.13046875 0.01484375 0.03046875
0 0.18125 0.1359375 0.01953125 0.03515625
0 0.5484375 0.12734375 0.01484375 0.03359375
0 0.6328125 0.10859375 0.0140625 0.02890625
0 0.69296875 0.1109375 0.01484375 0.03828125
0 0.7890625 0.14765625 0.0140625 0.03515625
0 0.878125 0.134375 0.0125 0.03046875
0 0.90234375 0.134375 0.0140625 0.03359375
0 0.96484375 0.11875 0.0140625 0.02890625