0 0.2890625 0.2671875 0.03515625 0.05703125
0 0.478125 0.23046875 0.03828125 0.0671875
0 0.6921875 0.25390625 0.0453125 0.06640625
0 0.840625 0.6390625 0.02421875 0.0546875
0 0.903125 0.6546875 0.0296875 0.0546875
0 0.98984375 0.6578125 0.0203125 0.0484375
0 0.83203125 0.49921875 0.021875 0.0515625
0 0.9203125 0.4921875 0.02265625 0.046875
0 0.93671875 0.34765625 0.021875 0.04375
0 0.84921875 0.3453125 0.02421875 0.046875
0 0.92109375 0.21015625 0.0234375 0.04375
0 0.8359375 0.20390625 0.01953125 0.04140625
0 0.8421875 0.06484375 0.02421875 0.053125
0 0.91875 0.05546875 0.025 0.0546875
0 0.00859375 0.63125 0.01640625 0.0453125
0 0.053125 0.48203125 0.021875 0.04296875
0 0.03984375 0.3390625 0.02421875 0.0515625
0 0.07890625 0.2 0.01875 0.0453125
0 0.071875 0.08671875 0.025 0.04296875