0 0.14140625 0.18515625 0.0578125 0.14765625
0 0.303125 0.23046875 0.03984375 0.10234375
0 0.37578125 0.2046875 0.040625 0.1140625
0 0.671875 0.2203125 0.01953125 0.05859375
0 0.74375 0.221875 0.0171875 0.05234375
0 0.7703125 0.2390625 0.02265625 0.05390625
0 0.64921875 0.3015625 0.0234375 0.05859375
0 0.52265625 0.225 0.0296875 0.0796875
0 0.88046875 0.22734375 0.0109375 0.02265625
0 0.82109375 0.2390625 0.009375 0.0328125
0 0.9421875 0.253125 0.00859375 0.034375
0 0.9 0.32265625 0.01171875 0.02265625
0 0.5984375 0.26484375 0.0171875 0.04140625
0 0.38828125 0.40546875 0.06328125 0.1296875
0 0.6421875 0.2515625 0.02734375 0.05234375
0 0.43828125 0.25625 0.03125 0.08671875
0 0.240625 0.3 0.02734375 0.07265625