0 0.2078125 0.56328125 0.009375 0.02109375
0 0.2421875 0.521875 0.01171875 0.01875
0 0.1078125 0.58203125 0.015625 0.025
0 0.240625 0.55625 0.01484375 0.0171875
0 0.28203125 0.56328125 0.009375 0.015625
0 0.3625 0.5578125 0.0078125 0.015625
0 0.40078125 0.55078125 0.00703125 0.0171875
0 0.49140625 0.54296875 0.00625 0.01171875
0 0.4421875 0.55546875 0.0046875 0.01171875
0 0.76796875 0.4265625 0.0046875 0.00625
0 0.7390625 0.425 0.0046875 0.0078125
0 0.621875 0.42734375 0.0046875 0.0078125
0 0.9484375 0.44375 0.00703125 0.009375
0 0.93359375 0.44453125 0.00625 0.0078125