0 0.24296875 0.46171875 0.01484375 0.02265625
0 0.2015625 0.43359375 0.0140625 0.02265625
0 0.18203125 0.46171875 0.0125 0.02421875
0 0.290625 0.4578125 0.0046875 0.015625
0 0.46953125 0.4625 0.0125 0.01875
0 0.42578125 0.41640625 0.0078125 0.01875
0 0.50703125 0.40703125 0.0109375 0.02109375
0 0.40703125 0.46953125 0.0125 0.02109375
0 0.32734375 0.50546875 0.0078125 0.01953125
0 0.3890625 0.4984375 0.00703125 0.01875
0 0.41953125 0.5109375 0.00703125 0.01875
0 0.46796875 0.51484375 0.0078125 0.0171875
0 0.56171875 0.52890625 0.009375 0.01875
0 0.5453125 0.428125 0.0109375 0.02109375
0 0.61796875 0.40546875 0.0125 0.01875
0 0.66640625 0.40078125 0.00859375 0.01875
0 0.7046875 0.38203125 0.0109375 0.015625
0 0.68125 0.37421875 0.00859375 0.015625
0 0.6515625 0.35546875 0.009375 0.01875
0 0.6421875 0.3859375 0.009375 0.01484375
0 0.5515625 0.4109375 0.0125 0.0171875
0 0.665625 0.52265625 0.0078125 0.0171875
0 0.690625 0.40859375 0.0078125 0.01328125
0 0.74375 0.48125 0.0046875 0.0171875
0 0.80234375 0.403125 0.0109375 0.01953125
0 0.79453125 0.42578125 0.0109375 0.0171875
0 0.76875 0.34609375 0.009375 0.015625
0 0.8359375 0.471875 0.009375 0.01875
0 0.80625 0.45234375 0.0078125 0.01953125
0 0.8609375 0.42421875 0.00703125 0.01171875
0 0.946875 0.44140625 0.009375 0.01953125
0 0.8734375 0.31796875 0.0078125 0.01484375
0 0.66328125 0.43671875 0.00625 0.01875
0 0.53828125 0.52109375 0.009375 0.01328125
0 0.8453125 0.3765625 0.009375 0.02109375
0 0.94609375 0.3234375 0.00625 0.0078125
0 0.7578125 0.3953125 0.01171875 0.01953125
0 0.61015625 0.43671875 0.00859375 0.01875