0 0.48203125 0.73515625 0.090625 0.10390625
0 0.4953125 0.23359375 0.06875 0.14375
0 0.3453125 0.384375 0.071875 0.14921875
0 0.7734375 0.2890625 0.0375 0.0625
0 0.90234375 0.26015625 0.0375 0.07265625
0 0.6140625 0.2875 0.034375 0.07265625
0 0.65546875 0.13515625 0.03125 0.07421875
0 0.2515625 0.221875 0.0421875 0.09375
0 0.2609375 0.1125 0.0328125 0.078125
0 0.4421875 0.128125 0.02734375 0.06796875
0 0.746875 0.140625 0.02421875 0.0609375
0 0.8078125 0.034375 0.03515625 0.05390625
0 0.7171875 0.0296875 0.0296875 0.046875
0 0.59921875 0.03125 0.03046875 0.0609375
0 0.128125 0.2671875 0.0375 0.06953125
0 0.17109375 0.2546875 0.02734375 0.05546875
0 0.3546875 0.021875 0.03515625 0.04296875
0 0.23671875 0.02734375 0.03203125 0.05390625
0 0.12109375 0.0625 0.02734375 0.06953125
0 0.01875 0.0296875 0.034375 0.05546875
0 0.00859375 0.2375 0.01484375 0.09375
0 0.4859375 0.0328125 0.03125 0.05234375
0 0.89765625 0.1890625 0.02734375 0.04296875