0 0.52734375 0.1203125 0.046875 0.0734375
0 0.3265625 0.22734375 0.05 0.08515625
0 0.09375 0.08203125 0.0296875 0.04296875
0 0.36484375 0.08359375 0.02265625 0.03828125
0 0.39453125 0.08515625 0.01953125 0.03671875
0 0.4296875 0.08515625 0.0140625 0.03359375
0 0.27890625 0.075 0.02421875 0.03671875
0 0.228125 0.0765625 0.01953125 0.025
0 0.190625 0.0765625 0.0171875 0.0234375
0 0.0140625 0.0546875 0.015625 0.0296875
0 0.48828125 0.0984375 0.0171875 0.0296875
0 0.31171875 0.08515625 0.0203125 0.03046875
0 0.65546875 0.1 0.021875 0.03203125
0 0.834375 0.0234375 0.0234375 0.03203125
0 0.94453125 0.03203125 0.02421875 0.03671875
0 0.98515625 0.1734375 0.028125 0.05859375
0 0.1296875 0.078125 0.01484375 0.0234375
0 0.44140625 0.08359375 0.0140625 0.0296875
0 0.24609375 0.03984375 0.009375 0.0203125