0 0.49453125 0.62109375 0.028125 0.04609375
0 0.334375 0.46015625 0.02265625 0.0390625
0 0.0515625 0.24375 0.0171875 0.02890625
0 0.1078125 0.1640625 0.0203125 0.0328125
0 0.03671875 0.06328125 0.02421875 0.040625
0 0.0140625 0.17421875 0.01953125 0.04609375
0 0.303125 0.1234375 0.02265625 0.0421875
0 0.07109375 0.04921875 0.025 0.034375
0 0.1328125 0.05078125 0.0234375 0.02265625
0 0.36015625 0.11015625 0.02421875 0.04296875
0 0.42265625 0.10390625 0.025 0.040625
0 0.490625 0.1015625 0.021875 0.040625
0 0.559375 0.07734375 0.025 0.03828125
0 0.5953125 0.06875 0.021875 0.034375
0 0.18359375 0.0359375 0.0234375 0.02578125
0 0.65625 0.06640625 0.021875 0.03671875
0 0.73515625 0.0609375 0.0203125 0.040625
0 0.365625 0.01875 0.02265625 0.03046875
0 0.24375 0.04296875 0.025 0.0359375
0 0.79921875 0.04296875 0.0203125 0.03046875
0 0.8546875 0.0203125 0.021875 0.0328125
0 0.90390625 0.015625 0.0203125 0.0265625
0 0.903125 0.31640625 0.0171875 0.03046875
0 0.215625 0.13359375 0.025 0.04609375
0 0.17265625 0.1234375 0.028125 0.04609375
0 0.15859375 0.0421875 0.01875 0.0265625