0 0.8421875 0.61171875 0.04375 0.075
0 0.78828125 0.3484375 0.03203125 0.06015625
0 0.81484375 0.20078125 0.028125 0.05546875
0 0.7640625 0.17421875 0.0265625 0.05
0 0.71171875 0.2046875 0.02734375 0.05703125
0 0.6828125 0.3515625 0.03046875 0.05703125
0 0.6359375 0.17734375 0.025 0.046875
0 0.596875 0.19296875 0.02734375 0.0515625
0 0.546875 0.17109375 0.02734375 0.05
0 0.575 0.3671875 0.03125 0.06015625
0 0.4796875 0.3453125 0.028125 0.06171875
0 0.5 0.2078125 0.02734375 0.0484375
0 0.45546875 0.15078125 0.0265625 0.040625
0 0.35 0.34296875 0.0328125 0.0671875
0 0.39375 0.19296875 0.025 0.0421875
0 0.3515625 0.17890625 0.0234375 0.0484375
0 0.30234375 0.19765625 0.028125 0.05390625
0 0.25703125 0.1859375 0.0265625 0.05
0 0.221875 0.19765625 0.02734375 0.05546875
0 0.221875 0.3671875 0.0328125 0.06875
0 0.11875 0.1875 0.028125 0.05390625
0 0.1125 0.59921875 0.05 0.075