0 0.94140625 0.37578125 0.02734375 0.05
0 0.83515625 0.346875 0.03515625 0.06328125
0 0.8890625 0.590625 0.03828125 0.06640625
0 0.77421875 0.55625 0.0359375 0.0578125
0 0.75078125 0.3625 0.03046875 0.0578125
0 0.69375 0.39375 0.03125 0.0453125
0 0.625 0.41484375 0.0328125 0.053125
0 0.67265625 0.56953125 0.034375 0.0578125
0 0.56640625 0.53203125 0.0328125 0.06484375
0 0.565625 0.4046875 0.03203125 0.053125
0 0.55234375 0.32421875 0.03203125 0.05
0 0.678125 0.303125 0.0125 0.01953125
0 0.63203125 0.3046875 0.01484375 0.02109375
0 0.7234375 0.3078125 0.0125 0.03046875
0 0.921875 0.26640625 0.0140625 0.02109375
0 0.47734375 0.52421875 0.03515625 0.05625
0 0.4421875 0.38046875 0.03046875 0.05
0 0.37890625 0.52109375 0.0328125 0.06328125
0 0.34140625 0.3984375 0.03203125 0.0625
0 0.35625 0.37265625 0.025 0.05
0 0.265625 0.2984375 0.0296875 0.0625
0 0.2375 0.33671875 0.03828125 0.06328125
0 0.26328125 0.5578125 0.03203125 0.06484375
0 0.2953125 0.53359375 0.0296875 0.06796875
0 0.109375 0.2953125 0.0296875 0.06328125
0 0.9109375 0.13203125 0.01171875 0.02265625
0 0.9328125 0.1046875 0.01171875 0.01796875
0 0.98359375 0.08046875 0.0125 0.02734375
0 0.9640625 0.05 0.0125 0.02578125
0 0.90390625 0.0453125 0.0109375 0.01953125
0 0.9078125 0.02265625 0.0109375 0.02109375
0 0.88046875 0.103125 0.0125 0.02109375
0 0.87421875 0.21640625 0.0140625 0.02578125
0 0.82109375 0.2078125 0.0140625 0.01640625
0 0.79140625 0.240625 0.0125 0.02890625
0 0.778125 0.2015625 0.01640625 0.02578125
0 0.7765625 0.0875 0.0109375 0.01953125
0 0.81875 0.07265625 0.0125 0.01953125
0 0.82265625 0.0515625 0.0125 0.01953125
0 0.75859375 0.04375 0.0140625 0.02265625
0 0.71796875 0.109375 0.0125 0.02109375
0 0.72890625 0.19375 0.01484375 0.02734375
0 0.69453125 0.19375 0.0140625 0.02578125
0 0.6921875 0.24375 0.0140625 0.02890625
0 0.725 0.22109375 0.01484375 0.02890625
0 0.85546875 0.246875 0.015625 0.03046875
0 0.95703125 0.22734375 0.0140625 0.02109375
0 0.9671875 0.27890625 0.0125 0.02109375
0 0.9375 0.2046875 0.01171875 0.02265625
0 0.69140625 0.05 0.009375 0.01953125
0 0.66328125 0.103125 0.01484375 0.02578125
0 0.571875 0.1546875 0.0140625 0.02578125
0 0.6171875 0.1 0.0140625 0.02109375
0 0.5515625 0.05 0.0109375 0.01953125
0 0.496875 0.046875 0.0109375 0.01640625
0 0.44609375 0.03671875 0.01171875 0.02109375
0 0.4140625 0.06796875 0.01171875 0.02109375
0 0.46171875 0.18203125 0.0125 0.02578125
0 0.50703125 0.18515625 0.01484375 0.02265625
0 0.534375 0.18515625 0.0140625 0.02109375
0 0.5375 0.23671875 0.0140625 0.02421875
0 0.571875 0.2109375 0.0140625 0.02265625
0 0.61640625 0.21953125 0.0125 0.02265625
0 0.634375 0.22890625 0.0140625 0.02734375
0 0.46484375 0.109375 0.0140625 0.02421875
0 0.440625 0.159375 0.01171875 0.01953125
0 0.4203125 0.18359375 0.01484375 0.02421875
0 0.43046875 0.21328125 0.0140625 0.02421875
0 0.4796875 0.246875 0.015625 0.02109375
0 0.6609375 0.01796875 0.0125 0.01796875
0 0.375 0.21328125 0.015625 0.02578125
0 0.51796875 0.08046875 0.0109375 0.01953125
0 0.5109375 0.0109375 0.01171875 0.01640625
0 0.57265625 0.01640625 0.0125 0.01953125
0 0.590625 0.009375 0.0109375 0.0125
0 0.615625 0.009375 0.01171875 0.01484375
0 0.35859375 0.0484375 0.0109375 0.01640625
0 0.33828125 0.05625 0.0109375 0.01796875
0 0.3046875 0.040625 0.01171875 0.01796875
0 0.29921875 0.13515625 0.01484375 0.02109375
0 0.36796875 0.17109375 0.0125 0.02109375
0 0.321875 0.16796875 0.0109375 0.01640625
0 0.33359375 0.22890625 0.0125 0.02734375
0 0.3 0.22265625 0.01484375 0.02265625
0 0.2703125 0.21328125 0.0109375 0.01796875
0 0.1765625 0.0921875 0.0125 0.02265625
0 0.2296875 0.13359375 0.0125 0.02578125
0 0.11875 0.13203125 0.0125 0.02109375
0 0.0265625 0.16796875 0.0125 0.02109375
0 0.05546875 0.07265625 0.0125 0.01640625
0 0.24765625 0.21484375 0.01484375 0.02734375
0 0.21640625 0.2078125 0.0125 0.01484375
0 0.11015625 0.07421875 0.0125 0.01953125
0 0.096875 0.07109375 0.01171875 0.01953125