0 0.60859375 0.16328125 0.0546875 0.09296875
0 0.5125 0.140625 0.025 0.0359375
0 0.496875 0.0796875 0.01953125 0.0359375
0 0.2609375 0.2 0.0203125 0.0515625
0 0.5046875 0.21328125 0.0203125 0.03125
0 0.3703125 0.0890625 0.01640625 0.03125
0 0.43125 0.1421875 0.0234375 0.034375
0 0.43359375 0.2015625 0.025 0.03125
0 0.3796875 0.13046875 0.01875 0.03828125
0 0.2921875 0.07109375 0.02421875 0.04296875
0 0.40078125 0.028125 0.01640625 0.0359375
0 0.36015625 0.225 0.02265625 0.0359375
0 0.1875 0.25625 0.0234375 0.05
0 0.14921875 0.2625 0.0234375 0.04765625
0 0.071875 0.27421875 0.028125 0.04921875
0 0.22578125 0.12890625 0.02265625 0.04140625
0 0.24296875 0.0625 0.0203125 0.04140625
0 0.14765625 0.12734375 0.025 0.0515625
0 0.0703125 0.15 0.01953125 0.03671875
0 0.04765625 0.07265625 0.02265625 0.0359375
0 0.13671875 0.07421875 0.021875 0.028125
0 0.43046875 0.028125 0.0171875 0.0359375
0 0.64375 0.090625 0.01875 0.034375
0 0.20625 0.06953125 0.0203125 0.03984375
0 0.31875 0.06953125 0.0203125 0.03671875
0 0.45546875 0.23984375 0.02265625 0.0265625
0 0.03671875 0.01328125 0.0203125 0.02109375
0 0.92890625 0.2515625 0.01875 0.03828125
0 0.978125 0.2546875 0.01953125 0.034375
0 0.8421875 0.25625 0.01875 0.0359375
0 0.76484375 0.09296875 0.01640625 0.0359375
0 0.9140625 0.146875 0.015625 0.025
0 0.95703125 0.18828125 0.01953125 0.03984375
0 0.94375 0.15078125 0.01875 0.03671875
0 0.9515625 0.09921875 0.01953125 0.0359375
0 0.81875 0.15 0.01875 0.0296875
0 0.9015625 0.1953125 0.0171875 0.0328125
0 0.86484375 0.04453125 0.0203125 0.0359375
0 0.8546875 0.09921875 0.0203125 0.028125
0 0.925 0.03828125 0.009375 0.034375
0 0.97265625 0.04296875 0.0140625 0.03125
0 0.784375 0.090625 0.0171875 0.028125
0 0.4171875 0.10078125 0.01875 0.03125
0 0.778125 0.15546875 0.015625 0.025
0 0.8140625 0.10703125 0.0125 0.025
0 0.79765625 0.27109375 0.0203125 0.034375