0 0.8765625 0.11875 0.028125 0.06796875
0 0.80625 0.13125 0.028125 0.06796875
0 0.7296875 0.15 0.02734375 0.07109375
0 0.675 0.1375 0.03046875 0.0734375
0 0.61015625 0.16484375 0.028125 0.0640625
0 0.834375 0.3984375 0.028125 0.06796875
0 0.89375 0.34375 0.03046875 0.075
0 0.6125 0.39296875 0.028125 0.06953125
0 0.38515625 0.225 0.028125 0.06953125
0 0.41484375 0.18671875 0.03203125 0.0765625
0 0.47734375 0.246875 0.0296875 0.065625
0 0.5296875 0.2171875 0.028125 0.07109375
0 0.2875 0.17890625 0.028125 0.06796875
0 0.20859375 0.25390625 0.03046875 0.0625
0 0.2625 0.409375 0.028125 0.0734375
0 0.3578125 0.41328125 0.03046875 0.06953125
0 0.4421875 0.3890625 0.03203125 0.07890625
0 0.21015625 0.453125 0.03046875 0.0734375
0 0.1640625 0.1734375 0.0296875 0.065625
0 0.115625 0.21015625 0.03203125 0.06953125
0 0.1125 0.38359375 0.03203125 0.0625
0 0.6765625 0.56640625 0.03046875 0.0734375
0 0.6109375 0.70546875 0.028125 0.0734375