0 0.55390625 0.4109375 0.03125 0.0609375
0 0.6140625 0.21640625 0.0203125 0.03671875
0 0.54765625 0.2671875 0.01484375 0.03984375
0 0.56796875 0.20625 0.01640625 0.03125
0 0.47734375 0.1765625 0.0203125 0.0328125
0 0.3984375 0.175 0.0171875 0.03828125
0 0.37578125 0.45390625 0.0390625 0.06953125
0 0.3359375 0.21640625 0.0171875 0.034375
0 0.33203125 0.14921875 0.015625 0.03671875
0 0.3578125 0.125 0.01640625 0.0296875
0 0.4125 0.0625 0.01875 0.0453125
0 0.46015625 0.04296875 0.015625 0.03125
0 0.3046875 0.11640625 0.015625 0.03671875
0 0.25859375 0.10078125 0.0171875 0.034375
0 0.22109375 0.1234375 0.0203125 0.03671875
0 0.16875 0.16484375 0.01640625 0.03671875
0 0.10625 0.16953125 0.0171875 0.03671875
0 0.0765625 0.18359375 0.01953125 0.03671875
0 0.0328125 0.171875 0.0203125 0.04140625
0 0.01875 0.096875 0.0171875 0.046875
0 0.09453125 0.02265625 0.01640625 0.03671875
0 0.1390625 0.03984375 0.0140625 0.0328125
0 0.1625 0.06796875 0.01171875 0.02734375
0 0.63984375 0.21875 0.01484375 0.03828125
0 0.728125 0.253125 0.0140625 0.0296875
0 0.77265625 0.2890625 0.015625 0.03984375
0 0.71328125 0.0609375 0.01484375 0.034375
0 0.67421875 0.05703125 0.01484375 0.02734375
0 0.4953125 0.05546875 0.01171875 0.03125
0 0.52265625 0.3046875 0.01875 0.03671875
0 0.8734375 0.13359375 0.0140625 0.0296875
0 0.8578125 0.2203125 0.0140625 0.02421875
0 0.8890625 0.30703125 0.0140625 0.02734375
0 0.91484375 0.2859375 0.01171875 0.02265625
0 0.825 0.29609375 0.0125 0.03125
0 0.81796875 0.2203125 0.01484375 0.02734375
0 0.934375 0.14921875 0.0109375 0.02421875