0 0.85 0.53125 0.0328125 0.0609375
0 0.7015625 0.53125 0.0359375 0.046875
0 0.56328125 0.528125 0.0375 0.06953125
0 0.446875 0.53984375 0.0375 0.06328125
0 0.31875 0.53828125 0.0359375 0.053125
0 0.178125 0.5234375 0.0375 0.0578125
0 0.86953125 0.3984375 0.034375 0.06328125
0 0.76640625 0.34296875 0.03046875 0.053125
0 0.75859375 0.2875 0.02734375 0.0484375
0 0.67578125 0.334375 0.0296875 0.05234375
0 0.60078125 0.32890625 0.0328125 0.04609375
0 0.51640625 0.3203125 0.03125 0.05234375
0 0.44921875 0.3203125 0.03515625 0.0484375
0 0.36328125 0.3203125 0.0328125 0.0609375
0 0.25546875 0.32578125 0.03203125 0.0546875
0 0.68984375 0.26875 0.0265625 0.04296875
0 0.62421875 0.26328125 0.0265625 0.040625
0 0.553125 0.2484375 0.03046875 0.040625
0 0.453125 0.2453125 0.0296875 0.03984375
0 0.36171875 0.2453125 0.03203125 0.04453125
0 0.29609375 0.24140625 0.028125 0.05078125
0 0.22421875 0.24609375 0.03046875 0.04609375
0 0.159375 0.32890625 0.03203125 0.05234375
0 0.06796875 0.40703125 0.03828125 0.06171875