0 0.4765625 0.3859375 0.0625 0.05546875
0 0.490625 0.33203125 0.04296875 0.040625
0 0.54765625 0.3484375 0.0328125 0.03046875
0 0.66171875 0.3359375 0.05 0.040625
0 0.82265625 0.34140625 0.03203125 0.034375
0 0.88828125 0.34296875 0.0265625 0.03828125
0 0.81953125 0.11953125 0.0359375 0.03125
0 0.7328125 0.128125 0.03828125 0.03671875
0 0.58359375 0.04375 0.0421875 0.03203125
0 0.10234375 0.41953125 0.0515625 0.0390625
0 0.22265625 0.34453125 0.053125 0.04453125
0 0.13203125 0.33203125 0.0484375 0.04453125
0 0.03203125 0.33125 0.04765625 0.04453125
0 0.1203125 0.26953125 0.05078125 0.0390625
0 0.153125 0.24296875 0.0484375 0.0390625
0 0.26953125 0.2484375 0.04296875 0.0375
0 0.3765625 0.21796875 0.03828125 0.0390625
0 0.496875 0.21796875 0.03984375 0.0328125
0 0.2140625 0.1578125 0.04609375 0.0359375
0 0.0671875 0.153125 0.0375 0.02890625
0 0.01484375 0.1515625 0.028125 0.0390625
0 0.134375 0.07890625 0.0296875 0.034375
0 0.065625 0.06875 0.03828125 0.03359375
0 0.01875 0.06953125 0.02421875 0.02890625
0 0.0265625 0.49609375 0.05078125 0.05
0 0.3 0.4125 0.0390625 0.0328125