0 0.7671875 0.725 0.01640625 0.0234375
0 0.5578125 0.3234375 0.0078125 0.0171875
0 0.54375 0.34375 0.009375 0.021875
0 0.53125 0.37578125 0.01171875 0.0234375
0 0.4640625 0.384375 0.0109375 0.0171875
0 0.4625 0.28515625 0.009375 0.0203125
0 0.425 0.31015625 0.0109375 0.0171875
0 0.38125 0.3625 0.0109375 0.0234375
0 0.34765625 0.37578125 0.01171875 0.021875
0 0.32109375 0.35703125 0.0109375 0.021875
0 0.3453125 0.4109375 0.0109375 0.01875
0 0.20625 0.3578125 0.009375 0.021875
0 0.2703125 0.48125 0.0125 0.021875
0 0.228125 0.459375 0.0109375 0.0171875
0 0.20546875 0.4984375 0.0125 0.025
0 0.321875 0.4953125 0.0125 0.021875
0 0.3234375 0.5265625 0.00859375 0.025
0 0.32109375 0.6109375 0.0109375 0.025
0 0.05546875 0.49453125 0.01171875 0.0265625
0 0.7625 0.134375 0.00859375 0.01640625
0 0.78515625 0.13046875 0.0078125 0.01875
0 0.73359375 0.115625 0.00859375 0.01640625
0 0.70546875 0.12890625 0.00703125 0.01171875
0 0.709375 0.07421875 0.009375 0.01640625
0 0.75078125 0.07734375 0.00859375 0.01640625
0 0.81953125 0.11953125 0.00703125 0.0203125
0 0.775 0.07890625 0.0109375 0.01640625
0 0.6828125 0.0859375 0.00859375 0.01484375
0 0.85 0.14609375 0.009375 0.01484375
0 0.8421875 0.05234375 0.00859375 0.01171875
0 0.8203125 0.0171875 0.009375 0.01328125
0 0.74140625 0.04375 0.00859375 0.01484375
0 0.87890625 0.140625 0.009375 0.01640625
0 0.89375 0.06171875 0.00859375 0.01484375
0 0.9484375 0.14453125 0.009375 0.01640625
0 0.184375 0.08515625 0.00625 0.01484375
0 0.36171875 0.06171875 0.0109375 0.01875
0 0.02890625 0.08203125 0.00703125 0.0234375
0 0.2640625 0.0921875 0.0078125 0.00859375
0 0.23828125 0.0734375 0.0078125 0.01640625
0 0.0375 0.03515625 0.0109375 0.01328125
0 0.4390625 0.11875 0.01171875 0.01640625
0 0.43515625 0.0203125 0.0125 0.01875
0 0.4875 0.08203125 0.00859375 0.01484375
0 0.5203125 0.05390625 0.00859375 0.0171875
0 0.5484375 0.07734375 0.01171875 0.0171875
0 0.5953125 0.1125 0.0109375 0.0203125
0 0.62109375 0.1109375 0.0078125 0.01328125
0 0.61484375 0.0625 0.0109375 0.01484375
0 0.59765625 0.03515625 0.009375 0.01640625
0 0.30234375 0.03359375 0.0109375 0.01640625
0 0.3359375 0.01875 0.009375 0.0203125
0 0.92890625 0.00703125 0.0078125 0.01328125
0 0.96171875 0.01640625 0.009375 0.01484375
0 0.996875 0.028125 0.00625 0.01484375
0 0.86484375 0.115625 0.00859375 0.01640625
0 0.32890625 0.0640625 0.00703125 0.01328125
0 0.6515625 0.10703125 0.009375 0.01640625
0 0.6640625 0.0671875 0.009375 0.01640625
0 0.6359375 0.065625 0.0046875 0.01015625
0 0.05390625 0.08203125 0.0078125 0.01484375
0 0.215625 0.06015625 0.00703125 0.0171875
0 0.009375 0.07578125 0.009375 0.0203125