0 0.78984375 0.43125 0.0296875 0.04296875
0 0.91328125 0.4375 0.0328125 0.0546875
0 0.728125 0.46875 0.0296875 0.04296875
0 0.68359375 0.46484375 0.0296875 0.04296875
0 0.65625 0.4203125 0.0296875 0.05078125
0 0.62421875 0.49609375 0.028125 0.046875
0 0.6078125 0.45078125 0.0296875 0.03671875
0 0.5265625 0.46875 0.03046875 0.04140625
0 0.4859375 0.4703125 0.028125 0.0453125
0 0.45390625 0.48671875 0.034375 0.05703125
0 0.42890625 0.41171875 0.03046875 0.053125
0 0.38359375 0.47109375 0.03203125 0.0625
0 0.3375 0.4625 0.03046875 0.046875
0 0.29375 0.50390625 0.03203125 0.046875
0 0.290625 0.42734375 0.03203125 0.04921875
0 0.25546875 0.4984375 0.03046875 0.040625
0 0.1453125 0.45703125 0.0359375 0.05703125