0 0.0765625 0.1421875 0.02265625 0.040625
0 0.0125 0.11875 0.021875 0.0390625
0 0.10625 0.0875 0.0203125 0.03359375
0 0.13984375 0.084375 0.0234375 0.0375
0 0.17890625 0.1390625 0.0203125 0.0390625
0 0.23984375 0.0875 0.0203125 0.04140625
0 0.29609375 0.11328125 0.01171875 0.02734375
0 0.2125 0.1546875 0.01953125 0.02578125
0 0.3796875 0.13828125 0.01484375 0.02578125
0 0.496875 0.1265625 0.0140625 0.025
0 0.50859375 0.15625 0.01640625 0.0234375
0 0.5390625 0.31015625 0.0296875 0.05234375
0 0.72890625 0.1109375 0.028125 0.0375