0 0.0515625 0.35078125 0.0265625 0.04453125
0 0.1109375 0.334375 0.0234375 0.04140625
0 0.121875 0.34140625 0.01640625 0.03359375
0 0.171875 0.31796875 0.015625 0.0296875
0 0.20234375 0.365625 0.021875 0.03984375
0 0.26953125 0.3328125 0.01953125 0.03671875
0 0.34296875 0.3390625 0.01484375 0.03125
0 0.29296875 0.328125 0.01171875 0.021875
0 0.01015625 0.30625 0.00703125 0.01171875
0 0.01875 0.3328125 0.0078125 0.01796875
0 0.00234375 0.31484375 0.0046875 0.01640625
0 0.50859375 0.36953125 0.0203125 0.03671875
0 0.54921875 0.16015625 0.01484375 0.025
0 0.6828125 0.1234375 0.02265625 0.03828125
0 0.83515625 0.19140625 0.0265625 0.046875
0 0.1671875 0.25625 0.00859375 0.01015625
0 0.2265625 0.25 0.0078125 0.01171875
0 0.19609375 0.2515625 0.0078125 0.01484375
0 0.3890625 0.24296875 0.0078125 0.01484375
0 0.43046875 0.2375 0.0078125 0.01328125
0 0.1671875 0.23984375 0.00703125 0.01171875
0 0.33515625 0.2515625 0.0046875 0.01015625
0 0.9421875 0.17265625 0.03125 0.0515625
0 0.87421875 0.096875 0.01875 0.03984375
0 0.97421875 0.0765625 0.02421875 0.03984375
0 0.28984375 0.25 0.00625 0.00859375
0 0.75625 0.1984375 0.01953125 0.03203125