0 0.8765625 0.6171875 0.0171875 0.03671875
0 0.7953125 0.65859375 0.01953125 0.03515625
0 0.91640625 0.846875 0.0203125 0.03984375
0 0.30390625 0.81875 0.02421875 0.0484375
0 0.06015625 0.6609375 0.01640625 0.03203125
0 0.0921875 0.59375 0.0140625 0.021875
0 0.19453125 0.67734375 0.0140625 0.03125
0 0.19609375 0.6375 0.01484375 0.028125
0 0.2328125 0.565625 0.01171875 0.021875
0 0.021875 0.5140625 0.01171875 0.01640625
0 0.13984375 0.52578125 0.0140625 0.0234375
0 0.29375 0.5921875 0.015625 0.0296875
0 0.2953125 0.64765625 0.0125 0.028125
0 0.2046875 0.62265625 0.0125 0.021875
0 0.215625 0.6109375 0.01171875 0.01640625
0 0.26484375 0.52265625 0.0078125 0.0234375
0 0.85 0.353125 0.009375 0.01953125
0 0.28828125 0.45390625 0.0046875 0.01328125
0 0.1984375 0.4609375 0.00703125 0.01640625
0 0.37734375 0.29296875 0.0046875 0.01171875
0 0.3625 0.29921875 0.0046875 0.01015625
0 0.37265625 0.31953125 0.0046875 0.01015625
0 0.4421875 0.334375 0.00625 0.01171875
0 0.4390625 0.3046875 0.0046875 0.01171875
0 0.4015625 0.3140625 0.00625 0.01015625
0 0.2671875 0.31953125 0.0078125 0.01640625
0 0.25703125 0.3359375 0.0046875 0.01171875
0 0.271875 0.34609375 0.003125 0.01015625
0 0.30546875 0.365625 0.00625 0.01171875
0 0.08125 0.55546875 0.0046875 0.01953125
0 0.76015625 0.278125 0.0046875 0.01328125
0 0.74296875 0.27578125 0.0046875 0.01171875
0 0.7828125 0.2875 0.0046875 0.00859375
0 0.7859375 0.27578125 0.00390625 0.00859375
0 0.7734375 0.2796875 0.00390625 0.00703125
0 0.7796875 0.27265625 0.00390625 0.00703125
0 0.8 0.2828125 0.0046875 0.00625
0 0.81015625 0.2796875 0.0046875 0.01015625
0 0.83515625 0.28984375 0.00390625 0.01015625
0 0.821875 0.29296875 0.0046875 0.00859375
0 0.8265625 0.29921875 0.00625 0.00859375
0 0.85234375 0.29453125 0.0046875 0.01015625
0 0.91171875 0.29765625 0.0046875 0.01171875
0 0.87109375 0.3046875 0.00625 0.01171875
0 0.8609375 0.3109375 0.0046875 0.01015625
0 0.925 0.3140625 0.0046875 0.01015625
0 0.8859375 0.30625 0.0046875 0.01015625
0 0.8953125 0.3015625 0.0046875 0.01171875
0 0.84765625 0.309375 0.00625 0.01171875
0 0.85625 0.34453125 0.00703125 0.01484375
0 0.86484375 0.34921875 0.00859375 0.01484375
0 0.884375 0.34765625 0.00859375 0.01640625
0 0.81328125 0.3109375 0.00390625 0.01328125
0 0.89140625 0.3296875 0.00390625 0.01171875
0 0.9625 0.3046875 0.00390625 0.00859375
0 0.9703125 0.3015625 0.00625 0.01015625
0 0.978125 0.29921875 0.0046875 0.01015625
0 0.94453125 0.37734375 0.00625 0.01484375
0 0.9625 0.48125 0.0109375 0.025
0 0.28828125 0.715625 0.0109375 0.028125
0 0.3546875 0.44453125 0.00703125 0.01328125
0 0.9109375 0.39296875 0.0109375 0.01796875
0 0.9640625 0.3609375 0.0109375 0.0203125
0 0.86484375 0.32265625 0.00703125 0.01484375
0 0.9046875 0.34453125 0.009375 0.01796875
0 0.04921875 0.47421875 0.00703125 0.01484375
0 0.06875 0.44921875 0.0078125 0.01796875
0 0.15546875 0.47109375 0.009375 0.0203125
0 0.31171875 0.39296875 0.0078125 0.01640625
0 0.2328125 0.50234375 0.00703125 0.01953125
0 0.26796875 0.39453125 0.00703125 0.01171875
0 0.25625 0.40078125 0.00703125 0.01484375
0 0.221875 0.39921875 0.0078125 0.01171875
0 0.2359375 0.3625 0.00703125 0.01484375
0 0.19453125 0.3265625 0.0046875 0.01015625
0 0.29453125 0.390625 0.00703125 0.01328125
0 0.21796875 0.34140625 0.0046875 0.00859375
0 0.3328125 0.3625 0.00703125 0.01015625
0 0.35234375 0.37421875 0.00703125 0.01484375
0 0.37890625 0.36796875 0.0078125 0.01484375
0 0.36171875 0.37578125 0.00703125 0.01328125
0 0.3953125 0.3578125 0.00703125 0.01328125
0 0.42109375 0.3609375 0.0078125 0.01171875
0 0.43984375 0.3625 0.00703125 0.01328125
0 0.3109375 0.31796875 0.00625 0.00859375
0 0.38359375 0.3140625 0.00703125 0.01171875
0 0.35546875 0.32421875 0.00625 0.00859375
0 0.1765625 0.4296875 0.0078125 0.01796875
0 0.1984375 0.4296875 0.0078125 0.01484375
0 0.33515625 0.40078125 0.00703125 0.01328125
0 0.18125 0.3796875 0.00703125 0.01171875
0 0.2 0.35625 0.00703125 0.01015625
0 0.253125 0.93046875 0.015625 0.03203125
0 0.68828125 0.6109375 0.01171875 0.03359375
0 0.73125 0.7140625 0.01171875 0.0296875
0 0.159375 0.3640625 0.00625 0.01640625
0 0.134375 0.33125 0.0046875 0.00859375
0 0.0953125 0.40390625 0.0046875 0.01015625
0 0.11796875 0.384375 0.0046875 0.01015625
0 0.15 0.3890625 0.00625 0.01640625
0 0.3015625 0.415625 0.00625 0.01484375
0 0.26328125 0.4296875 0.00703125 0.01484375
0 0.1859375 0.484375 0.0078125 0.0203125
0 0.2046875 0.5328125 0.009375 0.0234375
0 0.315625 0.55390625 0.00703125 0.021875
0 0.228125 0.440625 0.00703125 0.01796875
0 0.10859375 0.44609375 0.00625 0.01796875
0 0.15390625 0.28984375 0.00703125 0.01171875
0 0.36875 0.34921875 0.00703125 0.01640625
0 0.2515625 0.3078125 0.0046875 0.01015625
0 0.33515625 0.303125 0.00703125 0.01640625
0 0.2921875 0.32109375 0.0046875 0.00859375
0 0.146875 0.4421875 0.0078125 0.01796875
0 0.21875 0.47890625 0.00390625 0.0203125
0 0.1328125 0.3640625 0.00625 0.01171875
0 0.246875 0.38125 0.0078125 0.01328125
0 0.25859375 0.37109375 0.0078125 0.01484375
0 0.23046875 0.3390625 0.00625 0.01171875
0 0.23359375 0.3265625 0.00625 0.01015625
0 0.403125 0.29609375 0.00703125 0.01328125
0 0.27265625 0.3609375 0.00703125 0.01171875
0 0.28203125 0.334375 0.0078125 0.01171875
0 0.3296875 0.37734375 0.00625 0.01171875