0 0.028125 0.0515625 0.01484375 0.021875
0 0.0375 0.025 0.0125 0.021875
0 0.00859375 0.0109375 0.0125 0.021875
0 0.11953125 0.15078125 0.02265625 0.03671875
0 0.0875 0.12109375 0.02265625 0.0578125
0 0.19140625 0.134375 0.021875 0.03359375
0 0.23515625 0.12109375 0.021875 0.03984375
0 0.29296875 0.13125 0.021875 0.04296875
0 0.378125 0.11171875 0.02265625 0.03984375
0 0.44765625 0.14296875 0.01875 0.03828125
0 0.4390625 0.1015625 0.021875 0.04296875
0 0.4875 0.11953125 0.0203125 0.03671875
0 0.5375 0.134375 0.01953125 0.0328125
0 0.5734375 0.12109375 0.0234375 0.05
0 0.584375 0.08671875 0.01875 0.04453125
0 0.51484375 0.07109375 0.0140625 0.0234375
0 0.38828125 0.00703125 0.0109375 0.0140625
0 0.62421875 0.11484375 0.02265625 0.05
0 0.6484375 0.11171875 0.021875 0.0515625
0 0.68671875 0.125 0.021875 0.04453125
0 0.7109375 0.12109375 0.021875 0.04609375
0 0.72734375 0.09296875 0.009375 0.0203125
0 0.66875 0.05 0.0078125 0.01328125
0 0.7 0.0234375 0.009375 0.01953125
0 0.72578125 0.0484375 0.00859375 0.01796875
0 0.753125 0.075 0.0234375 0.04296875
0 0.78046875 0.04296875 0.0109375 0.0203125
0 0.784375 0.0984375 0.01484375 0.028125
0 0.80390625 0.1046875 0.02265625 0.04140625
0 0.8578125 0.1 0.01171875 0.0234375
0 0.865625 0.0796875 0.009375 0.01484375
0 0.878125 0.11328125 0.025 0.046875
0 0.89609375 0.1046875 0.0203125 0.03984375
0 0.925 0.10625 0.03203125 0.06328125
0 0.96328125 0.08828125 0.02265625 0.04453125
0 0.9390625 0.08125 0.02421875 0.0484375
0 0.75390625 0.03984375 0.0078125 0.01171875