0 0.12109375 0.4765625 0.01953125 0.03203125
0 0.184375 0.4703125 0.00859375 0.01796875
0 0.13203125 0.43984375 0.0125 0.021875
0 0.2359375 0.46796875 0.009375 0.0203125
0 0.85234375 0.546875 0.0125 0.01640625
0 0.9015625 0.5265625 0.00859375 0.01484375
0 0.21171875 0.4703125 0.00703125 0.01796875
0 0.26953125 0.471875 0.009375 0.01796875
0 0.01015625 0.453125 0.00859375 0.0296875
0 0.15625 0.46484375 0.009375 0.0234375
0 0.95625 0.5203125 0.00390625 0.00859375
0 0.31328125 0.478125 0.0078125 0.01796875
0 0.06640625 0.471875 0.01171875 0.0234375