0 0.303125 0.33125 0.01875 0.0296875
0 0.3921875 0.3265625 0.0171875 0.034375
0 0.5890625 0.21015625 0.01640625 0.0296875
0 0.6890625 0.31328125 0.01875 0.0375
0 0.7375 0.29375 0.01484375 0.0296875
0 0.825 0.34296875 0.021875 0.0359375
0 0.803125 0.4359375 0.021875 0.040625
0 0.85859375 0.4 0.01875 0.040625
0 0.88125 0.34140625 0.01953125 0.0375
0 0.86640625 0.29140625 0.0140625 0.0359375
0 0.89375 0.38046875 0.01640625 0.0359375
0 0.96171875 0.3375 0.01875 0.040625
0 0.97421875 0.296875 0.01484375 0.028125
0 0.88984375 0.25859375 0.0125 0.0265625
0 0.85 0.54296875 0.01953125 0.05546875
0 0.81875 0.51015625 0.0140625 0.034375
0 0.63125 0.3671875 0.0140625 0.0359375