0 0.053125 0.26640625 0.01953125 0.03984375
0 0.08671875 0.371875 0.0203125 0.04296875
0 0.18359375 0.37734375 0.021875 0.04296875
0 0.16328125 0.52734375 0.02421875 0.04765625
0 0.27421875 0.47265625 0.0265625 0.04921875
0 0.23671875 0.39765625 0.02265625 0.04296875
0 0.28671875 0.30703125 0.02265625 0.04453125
0 0.3296875 0.36875 0.021875 0.04609375
0 0.378125 0.26640625 0.0265625 0.05078125
0 0.3828125 0.3609375 0.0234375 0.04453125
0 0.43984375 0.32578125 0.02265625 0.04609375
0 0.5796875 0.0734375 0.0203125 0.059375
0 0.846875 0.35 0.025 0.05078125
0 0.90234375 0.40703125 0.0171875 0.03828125
0 0.925 0.4890625 0.02421875 0.04765625
0 0.37890625 0.1375 0.0296875 0.0546875
0 0.00703125 0.415625 0.0140625 0.0609375
0 0.10078125 0.584375 0.02421875 0.04609375