0 0.19375 0.6953125 0.0171875 0.03203125
0 0.271875 0.79296875 0.015625 0.0296875
0 0.30703125 0.690625 0.0203125 0.0296875
0 0.3171875 0.6265625 0.0171875 0.0265625
0 0.03984375 0.81640625 0.0203125 0.03046875
0 0.42890625 0.84765625 0.0171875 0.03671875
0 0.42109375 0.72890625 0.0171875 0.0265625
0 0.35078125 0.665625 0.015625 0.025
0 0.42421875 0.61015625 0.01484375 0.03046875
0 0.265625 0.63671875 0.0171875 0.01640625
0 0.42109375 0.58046875 0.0171875 0.025
0 0.46796875 0.4765625 0.0109375 0.01640625
0 0.33515625 0.50078125 0.01171875 0.01640625
0 0.34140625 0.47265625 0.00859375 0.02109375
0 0.65234375 0.69921875 0.0171875 0.03046875
0 0.7984375 0.453125 0.0125 0.02109375
0 0.77265625 0.4296875 0.009375 0.01640625
0 0.85234375 0.5078125 0.0125 0.02109375
0 0.784375 0.503125 0.01171875 0.02109375
0 0.87265625 0.41796875 0.0109375 0.01953125
0 0.78828125 0.3703125 0.0078125 0.015625
0 0.8609375 0.3734375 0.0109375 0.01640625
0 0.79375 0.34140625 0.00859375 0.01796875
0 0.7609375 0.28125 0.00625 0.0109375
0 0.76875 0.29921875 0.0078125 0.0125
0 0.7828125 0.240625 0.00390625 0.00859375
0 0.75859375 0.24609375 0.00625 0.01015625
0 0.37421875 0.45625 0.00859375 0.01953125
0 0.440625 0.2703125 0.00625 0.0109375
0 0.4140625 0.2515625 0.00625 0.0109375
0 0.425 0.24609375 0.00625 0.00859375
0 0.44375 0.24453125 0.00625 0.01015625
0 0.509375 0.26328125 0.00625 0.01015625
0 0.478125 0.27578125 0.00703125 0.0125
0 0.51015625 0.2265625 0.0046875 0.00859375
0 0.12265625 0.3875 0.0046875 0.01015625
0 0.75703125 0.2015625 0.0046875 0.0109375
0 0.7921875 0.40390625 0.00859375 0.0140625
0 0.5359375 0.2296875 0.0046875 0.01015625
0 0.49453125 0.2265625 0.0046875 0.00859375
0 0.475 0.240625 0.00625 0.01015625
0 0.4828125 0.23515625 0.00625 0.00859375
0 0.5296875 0.2125 0.00625 0.00859375
0 0.24921875 0.69375 0.0171875 0.03203125
0 0.30546875 0.575 0.0140625 0.025
0 0.14375 0.38359375 0.0046875 0.00703125
0 0.41328125 0.45625 0.009375 0.0140625
0 0.51328125 0.27421875 0.00703125 0.01015625
0 0.52421875 0.23046875 0.0046875 0.00703125
0 0.48671875 0.24296875 0.0046875 0.00703125
0 0.5421875 0.21796875 0.0046875 0.00859375
0 0.5484375 0.17734375 0.0046875 0.00859375