0 0.2046875 0.2296875 0.025 0.09765625
0 0.2609375 0.18359375 0.02421875 0.09453125
0 0.31875 0.1203125 0.0265625 0.10078125
0 0.3484375 0.21875 0.0234375 0.08359375
0 0.39453125 0.146875 0.02734375 0.0859375
0 0.4421875 0.1921875 0.02421875 0.0859375
0 0.46640625 0.1578125 0.0203125 0.06875
0 0.48515625 0.17265625 0.0171875 0.06328125
0 0.52421875 0.15234375 0.02421875 0.09453125
0 0.58046875 0.140625 0.02265625 0.08359375
0 0.6328125 0.15546875 0.025 0.0890625
0 0.66328125 0.1578125 0.02421875 0.0890625
0 0.77265625 0.175 0.02421875 0.09765625
0 0.80234375 0.10625 0.02265625 0.0890625
0 0.92734375 0.1296875 0.02265625 0.0890625
0 0.95 0.13515625 0.01875 0.075
0 0.0765625 0.40546875 0.0265625 0.0921875
0 0.0203125 0.18671875 0.02421875 0.0890625
0 0.06171875 0.2640625 0.0234375 0.08359375
0 0.13359375 0.16953125 0.02265625 0.075
0 0.1609375 0.215625 0.0234375 0.09453125
0 0.18125 0.16953125 0.02265625 0.08359375