0 0.14375 0.36953125 0.03828125 0.03203125
0 0.05546875 0.346875 0.03984375 0.03359375
0 0.1875 0.3578125 0.03515625 0.028125
0 0.28203125 0.35234375 0.03203125 0.02890625
0 0.3328125 0.3625 0.02734375 0.02421875
0 0.87890625 0.415625 0.03515625 0.0328125
0 0.903125 0.378125 0.034375 0.0265625
0 0.8609375 0.1578125 0.07734375 0.09375
0 0.98203125 0.3890625 0.034375 0.02890625
0 0.971875 0.41953125 0.0359375 0.03046875
0 0.2328125 0.35546875 0.028125 0.0234375
0 0.20390625 0.3578125 0.025 0.0265625
0 0.93828125 0.38515625 0.02265625 0.02109375
0 0.95703125 0.3703125 0.01953125 0.0171875
0 0.9453125 0.3515625 0.015625 0.015625
0 0.30546875 0.6375 0.1140625 0.059375