0 0.02265625 0.5953125 0.01484375 0.021875
0 0.04453125 0.603125 0.01640625 0.02734375
0 0.0578125 0.6015625 0.0125 0.02734375
0 0.07109375 0.59140625 0.01484375 0.0234375
0 0.09765625 0.61484375 0.0140625 0.0234375
0 0.14375 0.59921875 0.0171875 0.02890625
0 0.1671875 0.609375 0.01640625 0.02578125
0 0.14140625 0.55078125 0.0171875 0.01953125
0 0.14140625 0.5015625 0.01171875 0.01953125
0 0.20078125 0.61171875 0.0125 0.02578125
0 0.2375 0.6171875 0.0171875 0.03515625
0 0.21796875 0.59921875 0.01171875 0.0234375
0 0.27109375 0.6078125 0.0109375 0.01796875
0 0.27265625 0.703125 0.009375 0.0171875
0 0.290625 0.603125 0.015625 0.0328125
0 0.3078125 0.61484375 0.0078125 0.01953125
0 0.36953125 0.61953125 0.0125 0.04140625
0 0.37578125 0.63515625 0.009375 0.01953125
0 0.38203125 0.609375 0.009375 0.021875
0 0.4265625 0.634375 0.0171875 0.03125
0 0.4515625 0.6 0.0171875 0.03125
0 0.471875 0.6 0.0140625 0.0234375
0 0.5171875 0.6109375 0.0203125 0.02734375
0 0.54609375 0.62265625 0.015625 0.02578125
0 0.5875 0.5875 0.0109375 0.021875
0 0.61875 0.61875 0.0171875 0.03359375
0 0.56796875 0.634375 0.02265625 0.05234375
0 0.6828125 0.60390625 0.01640625 0.02578125
0 0.7 0.603125 0.015625 0.0234375
0 0.63125 0.60703125 0.0140625 0.03515625
0 0.7296875 0.61171875 0.01640625 0.021875
0 0.746875 0.59375 0.0171875 0.02578125
0 0.7859375 0.60703125 0.009375 0.02109375
0 0.8296875 0.609375 0.0171875 0.02578125
0 0.8484375 0.59921875 0.0125 0.021875
0 0.85078125 0.64609375 0.01875 0.0296875
0 0.88359375 0.6484375 0.01484375 0.02890625
0 0.89765625 0.51796875 0.015625 0.021875
0 0.89296875 0.57265625 0.01640625 0.03125
0 0.909375 0.5765625 0.01953125 0.03671875
0 0.93984375 0.58203125 0.0203125 0.03515625
0 0.9609375 0.5953125 0.0140625 0.01953125
0 0.99296875 0.59765625 0.01171875 0.021875
0 0.90703125 0.7734375 0.02265625 0.0375
0 0.73828125 0.04453125 0.0171875 0.0234375