0 0.253125 0.26484375 0.10078125 0.1640625
0 0.6265625 0.23515625 0.02265625 0.034375
0 0.74765625 0.24453125 0.01484375 0.034375
0 0.8875 0.23046875 0.01953125 0.03203125
0 0.909375 0.2359375 0.0140625 0.0234375
0 0.946875 0.23515625 0.015625 0.025
0 0.6640625 0.51953125 0.02734375 0.04296875
0 0.64609375 0.50546875 0.01640625 0.0265625
0 0.59296875 0.4984375 0.009375 0.01484375
0 0.56796875 0.5 0.00859375 0.0140625
0 0.66640625 0.6046875 0.01875 0.03046875
0 0.415625 0.465625 0.02421875 0.04296875