0 0.053125 0.6078125 0.0203125 0.03984375
0 0.0890625 0.596875 0.021875 0.03984375
0 0.13984375 0.58125 0.0171875 0.03984375
0 0.16640625 0.57109375 0.01640625 0.03125
0 0.22890625 0.58125 0.0125 0.02421875
0 0.1984375 0.5625 0.0109375 0.02421875
0 0.246875 0.546875 0.01171875 0.0296875
0 0.2609375 0.51875 0.01171875 0.0296875
0 0.2703125 0.50703125 0.00859375 0.02421875
0 0.32109375 0.49453125 0.009375 0.02421875
0 0.33515625 0.496875 0.0078125 0.02265625
0 0.3484375 0.49453125 0.0078125 0.02265625
0 0.178125 0.57109375 0.0109375 0.0296875
0 0.37890625 0.47734375 0.009375 0.02109375
0 0.40703125 0.471875 0.00859375 0.02265625
0 0.42890625 0.44609375 0.0078125 0.01875
0 0.440625 0.440625 0.0078125 0.0171875
0 0.51640625 0.41875 0.00859375 0.0171875
0 0.471875 0.42890625 0.0078125 0.01875
0 0.5296875 0.41484375 0.00859375 0.01875
0 0.3984375 0.46328125 0.0078125 0.015625
0 0.41484375 0.46171875 0.00859375 0.01875
0 0.88203125 0.378125 0.0109375 0.02265625
0 0.98515625 0.328125 0.0140625 0.0296875
0 0.48046875 0.44296875 0.0078125 0.0171875