0 0.02265625 0.1296875 0.0453125 0.0921875
0 0.0609375 0.08046875 0.05546875 0.065625
0 0.0484375 0.17890625 0.0609375 0.06875
0 0.10859375 0.14375 0.0421875 0.0390625
0 0.178125 0.16953125 0.06328125 0.05859375
0 0.1546875 0.13046875 0.0375 0.03046875
0 0.225 0.14453125 0.0609375 0.05703125
0 0.2765625 0.15625 0.04296875 0.04296875
0 0.29609375 0.1421875 0.0359375 0.04609375
0 0.36640625 0.15703125 0.0296875 0.028125
0 0.371875 0.21640625 0.0453125 0.0390625
0 0.39453125 0.175 0.01171875 0.0109375
0 0.6171875 0.259375 0.0375 0.034375
0 0.721875 0.1203125 0.0375 0.03671875
0 0.71953125 0.14296875 0.03125 0.0421875
0 0.7546875 0.13359375 0.04296875 0.05
0 0.7875 0.15859375 0.04609375 0.0515625
0 0.88203125 0.18984375 0.06328125 0.05859375
0 0.86953125 0.15703125 0.0515625 0.04609375
0 0.8359375 0.103125 0.046875 0.04453125
0 0.9046875 0.0875 0.059375 0.05078125
0 0.98671875 0.08046875 0.0265625 0.08984375
0 0.5359375 0.196875 0.0125 0.01328125
0 0.525 0.196875 0.0140625 0.01328125