0 0.7921875 0.4046875 0.03125 0.0484375
0 0.73515625 0.43828125 0.0328125 0.053125
0 0.6546875 0.4671875 0.0328125 0.04921875
0 0.61328125 0.41875 0.0328125 0.04921875
0 0.5546875 0.40859375 0.03125 0.04296875
0 0.54765625 0.48125 0.03125 0.0453125
0 0.503125 0.465625 0.03125 0.04296875
0 0.42109375 0.46796875 0.028125 0.04296875
0 0.34453125 0.44375 0.02734375 0.04453125
0 0.359375 0.5015625 0.0296875 0.0390625
0 0.2921875 0.47109375 0.028125 0.04296875
0 0.23828125 0.48515625 0.0296875 0.04140625
0 0.17265625 0.496875 0.0296875 0.040625