0 0.13359375 0.34375 0.03046875 0.05859375
0 0.2046875 0.34296875 0.0296875 0.053125
0 0.2546875 0.35 0.02734375 0.05
0 0.27265625 0.353125 0.0203125 0.046875
0 0.3046875 0.31328125 0.021875 0.03828125
0 0.3078125 0.35625 0.025 0.0453125
0 0.3578125 0.3546875 0.0265625 0.0453125
0 0.36875 0.3234375 0.021875 0.04296875
0 0.41171875 0.31875 0.0203125 0.03515625
0 0.4234375 0.3703125 0.0234375 0.04296875
0 0.4578125 0.35 0.021875 0.0453125
0 0.48515625 0.33515625 0.01640625 0.03203125
0 0.4859375 0.35625 0.0125 0.028125
0 0.49609375 0.353125 0.0140625 0.028125
0 0.48515625 0.38203125 0.0171875 0.0234375
0 0.51640625 0.35703125 0.01640625 0.03671875
0 0.54375 0.33984375 0.01953125 0.03359375
0 0.56328125 0.3296875 0.01484375 0.03125
0 0.3921875 0.48359375 0.025 0.05625
0 0.45390625 0.46015625 0.02421875 0.04296875
0 0.584375 0.3515625 0.021875 0.04375
0 0.55546875 0.35859375 0.0140625 0.021875
0 0.6109375 0.34140625 0.01875 0.03515625
0 0.63984375 0.33984375 0.0203125 0.03515625
0 0.590625 0.46171875 0.0234375 0.0453125
0 0.56875 0.49296875 0.0203125 0.03984375
0 0.6890625 0.3796875 0.0171875 0.03125
0 0.70625 0.38515625 0.01640625 0.0296875
0 0.73125 0.38671875 0.01875 0.0296875
0 0.76796875 0.353125 0.01875 0.0296875
0 0.790625 0.38828125 0.01953125 0.03125
0 0.82109375 0.36640625 0.01953125 0.0265625
0 0.71015625 0.453125 0.02421875 0.03984375
0 0.65390625 0.4546875 0.0203125 0.03828125
0 0.86875 0.35859375 0.01875 0.03359375
0 0.903125 0.34140625 0.0203125 0.03359375