0 0.47734375 0.3234375 0.06171875 0.12109375
0 0.57265625 0.38515625 0.0515625 0.1171875
0 0.69140625 0.24453125 0.0625 0.12265625
0 0.82109375 0.2765625 0.0453125 0.1015625
0 0.89765625 0.24453125 0.04296875 0.08046875
0 0.97265625 0.30625 0.05078125 0.096875
0 0.5796875 0.1703125 0.0625 0.12421875
0 0.42890625 0.17734375 0.059375 0.07734375
0 0.334375 0.29296875 0.0265625 0.05
0 0.36484375 0.28828125 0.0203125 0.03515625
0 0.27265625 0.2546875 0.0265625 0.0453125
0 0.29296875 0.265625 0.0171875 0.03671875
0 0.22578125 0.28359375 0.01953125 0.03984375
0 0.2234375 0.2515625 0.015625 0.02890625
0 0.171875 0.3265625 0.0328125 0.0578125
0 0.128125 0.30625 0.0296875 0.0546875
0 0.10625 0.3046875 0.0265625 0.0484375
0 0.07109375 0.3203125 0.02734375 0.04375
0 0.03359375 0.32890625 0.02421875 0.040625
0 0.01796875 0.29140625 0.028125 0.0484375
0 0.0984375 0.259375 0.01953125 0.03984375
0 0.03203125 0.2671875 0.01875 0.03828125
0 0.06953125 0.28359375 0.021875 0.03828125
0 0.546875 0.2546875 0.021875 0.0484375
0 0.79609375 0.2640625 0.015625 0.03828125
0 0.95 0.265625 0.02265625 0.0453125
0 0.39140625 0.25 0.0296875 0.0609375
0 0.346875 0.2578125 0.015625 0.02734375