0 0.3890625 0.196875 0.12109375 0.10703125
0 0.18671875 0.21015625 0.05390625 0.0515625
0 0.053125 0.234375 0.06171875 0.05546875
0 0.07578125 0.17734375 0.0515625 0.0515625
0 0.05546875 0.11875 0.0375 0.04140625
0 0.0171875 0.11875 0.034375 0.05
0 0.11640625 0.140625 0.04296875 0.04609375
0 0.1890625 0.13203125 0.04609375 0.0453125
0 0.23125 0.16328125 0.04375 0.040625
0 0.25625 0.20625 0.04609375 0.0421875
0 0.696875 0.1578125 0.13671875 0.1234375
0 0.54765625 0.15390625 0.0453125 0.040625
0 0.5890625 0.16640625 0.04375 0.0484375
0 0.74296875 0.25234375 0.059375 0.06171875
0 0.81640625 0.19140625 0.0609375 0.05859375
0 0.8828125 0.17734375 0.05625 0.05390625
0 0.9234375 0.215625 0.05625 0.0484375
0 0.978125 0.24140625 0.04375 0.0546875
0 0.97734375 0.18046875 0.0453125 0.0546875
0 0.74765625 0.19375 0.0515625 0.0546875