0 0.70703125 0.08359375 0.009375 0.01875
0 0.7375 0.07265625 0.0125 0.01796875
0 0.825 0.01796875 0.01171875 0.0234375
0 0.99453125 0.21015625 0.00859375 0.02578125
0 0.86953125 0.23046875 0.00859375 0.01796875
0 0.80546875 0.234375 0.04296875 0.08046875
0 0.6859375 0.2703125 0.0453125 0.078125
0 0.1859375 0.225 0.0453125 0.08203125
0 0.31328125 0.309375 0.0453125 0.0859375
0 0.3890625 0.24453125 0.0203125 0.04375
0 0.47265625 0.20625 0.040625 0.08203125
0 0.5765625 0.2796875 0.0421875 0.0765625
0 0.61953125 0.39140625 0.0421875 0.08203125
0 0.50703125 0.37265625 0.0421875 0.0875
0 0.39140625 0.36796875 0.0453125 0.0890625
0 0.21171875 0.42265625 0.05 0.08984375
0 0.30625 0.453125 0.040625 0.08359375
0 0.4109375 0.51875 0.0453125 0.08203125
0 0.5203125 0.503125 0.04609375 0.08359375
0 0.65 0.55078125 0.0421875 0.08984375
0 0.71171875 0.43125 0.03984375 0.0890625
0 0.78203125 0.42578125 0.03984375 0.0859375
0 0.66328125 0.109375 0.009375 0.01796875
0 0.35546875 0.0296875 0.0078125 0.0125
0 0.4328125 0.02734375 0.01171875 0.01484375
0 0.38828125 0.0234375 0.0109375 0.01796875