0 0.07578125 0.2984375 0.0421875 0.08359375
0 0.1203125 0.2484375 0.0375 0.05546875
0 0.20546875 0.2 0.028125 0.0546875
0 0.2296875 0.2390625 0.0421875 0.0703125
0 0.3078125 0.23046875 0.03984375 0.075
0 0.35546875 0.2484375 0.046875 0.0921875
0 0.4 0.23671875 0.0375 0.08515625
0 0.4828125 0.29375 0.046875 0.10859375
0 0.50390625 0.19375 0.0484375 0.08359375
0 0.53984375 0.1734375 0.03515625 0.09140625
0 0.6109375 0.3359375 0.04765625 0.08984375
0 0.78984375 0.23046875 0.04609375 0.11171875
0 0.8421875 0.23515625 0.05390625 0.1203125
0 0.86953125 0.175 0.04609375 0.09140625
0 0.9921875 0.2109375 0.015625 0.0875