0 0.5984375 0.2625 0.02421875 0.04375
0 0.0109375 0.409375 0.01875 0.04296875
0 0.03671875 0.4890625 0.0125 0.04609375
0 0.05703125 0.51171875 0.02265625 0.0390625
0 0.1671875 0.534375 0.02421875 0.0390625
0 0.0984375 0.48671875 0.025 0.03515625
0 0.2078125 0.5015625 0.021875 0.03125
0 0.240625 0.55859375 0.01640625 0.0328125
0 0.25 0.54609375 0.0171875 0.03671875
0 0.23515625 0.4921875 0.025 0.04609375
0 0.25859375 0.4828125 0.02734375 0.04296875
0 0.26953125 0.5109375 0.021875 0.0390625
0 0.33828125 0.4921875 0.0125 0.0390625
0 0.35625 0.521875 0.0234375 0.0375
0 0.465625 0.509375 0.0203125 0.04375
0 0.45390625 0.221875 0.025 0.04921875
0 0.4203125 0.265625 0.03203125 0.0328125
0 0.6703125 0.3109375 0.0125 0.03359375
0 0.60546875 0.4265625 0.01953125 0.03515625
0 0.55234375 0.459375 0.02421875 0.0390625
0 0.57890625 0.50703125 0.028125 0.0390625
0 0.6734375 0.54921875 0.0203125 0.03515625
0 0.75078125 0.48671875 0.02421875 0.03515625
0 0.7875 0.5109375 0.0234375 0.04609375
0 0.8015625 0.55703125 0.0171875 0.0390625
0 0.85078125 0.52421875 0.02265625 0.0375
0 0.84921875 0.46328125 0.02265625 0.0390625
0 0.8640625 0.4859375 0.025 0.04140625
0 0.8921875 0.46640625 0.02734375 0.03984375
0 0.928125 0.40625 0.0203125 0.03671875
0 0.21015625 0.52578125 0.0140625 0.02734375
0 0.2171875 0.5234375 0.0140625 0.02265625