0 0.07421875 0.5796875 0.03125 0.0875
0 0.103125 0.52109375 0.0296875 0.0640625
0 0.2234375 0.47265625 0.02265625 0.03515625
0 0.21953125 0.6015625 0.0578125 0.109375
0 0.36015625 0.4765625 0.0234375 0.05078125
0 0.30703125 0.47890625 0.02265625 0.05234375
0 0.31171875 0.43984375 0.01953125 0.03359375
0 0.4171875 0.421875 0.0109375 0.03125
0 0.47578125 0.453125 0.0171875 0.03671875
0 0.459375 0.415625 0.0125 0.02734375
0 0.7 0.2421875 0.0171875 0.02890625
0 0.6921875 0.38671875 0.01171875 0.02890625
0 0.534375 0.4453125 0.0140625 0.04140625
0 0.36875 0.87734375 0.06640625 0.21875
0 0.56640625 0.52890625 0.01171875 0.06484375