0 0.021875 0.4625 0.0171875 0.0296875
0 0.00859375 0.45546875 0.0125 0.0234375
0 0.04609375 0.4515625 0.021875 0.0390625
0 0.0765625 0.44765625 0.02265625 0.03671875
0 0.059375 0.51953125 0.03515625 0.053125
0 0.1734375 0.45703125 0.0234375 0.0390625
0 0.165625 0.53125 0.0328125 0.06875
0 0.203125 0.44296875 0.01171875 0.0234375
0 0.2484375 0.446875 0.0109375 0.02734375
0 0.2765625 0.46875 0.03046875 0.05234375
0 0.3234375 0.4703125 0.01875 0.03515625
0 0.31171875 0.45546875 0.0125 0.0296875
0 0.3484375 0.3828125 0.0125 0.02578125
0 0.34453125 0.44921875 0.01484375 0.02734375
0 0.38125 0.453125 0.01640625 0.025
0 0.35078125 0.58203125 0.0390625 0.07265625
0 0.4328125 0.49609375 0.03046875 0.05625
0 0.4984375 0.5375 0.03125 0.053125
0 0.5015625 0.61875 0.065625 0.109375
0 0.5453125 0.4765625 0.028125 0.05625
0 0.62109375 0.51328125 0.0390625 0.06640625
0 0.98984375 0.51484375 0.0203125 0.0578125
0 0.93203125 0.53671875 0.059375 0.1
0 0.840625 0.5171875 0.03984375 0.0640625
0 0.73125 0.49375 0.03046875 0.053125
0 0.7515625 0.53359375 0.046875 0.07421875
0 0.75234375 0.65625 0.08515625 0.14609375