0 0.0109375 0.36171875 0.021875 0.04375
0 0.52578125 0.5390625 0.03828125 0.08515625
0 0.74921875 0.4625 0.0484375 0.12578125
0 0.8453125 0.4421875 0.0296875 0.06015625
0 0.64921875 0.4171875 0.03125 0.05546875
0 0.25078125 0.36484375 0.03046875 0.0515625
0 0.2265625 0.40703125 0.03515625 0.046875
0 0.321875 0.3484375 0.03046875 0.04375
0 0.88984375 0.3765625 0.02734375 0.03984375
0 0.98828125 0.38046875 0.021875 0.06171875
0 0.9875 0.6046875 0.02265625 0.05
0 0.334375 0.47578125 0.02734375 0.05
0 0.46328125 0.421875 0.0265625 0.0515625
0 0.2125 0.353125 0.025 0.04375
0 0.1859375 0.4 0.0296875 0.0515625
0 0.05859375 0.35859375 0.03125 0.05
0 0.33671875 0.40390625 0.0296875 0.0484375
0 0.10703125 0.375 0.0265625 0.04375
0 0.72890625 0.36171875 0.03203125 0.06328125
0 0.13359375 0.4890625 0.01953125 0.040625
0 0.434375 0.38203125 0.0203125 0.03984375
0 0.525 0.4140625 0.03203125 0.05234375