0 0.0203125 0.32578125 0.01953125 0.05859375
0 0.08515625 0.3984375 0.0125 0.04453125
0 0.14296875 0.4203125 0.0125 0.04453125
0 0.25703125 0.50703125 0.00859375 0.0390625
0 0.30234375 0.4765625 0.0125 0.04140625
0 0.3546875 0.55703125 0.00703125 0.025
0 0.359375 0.52109375 0.0078125 0.025
0 0.40546875 0.15859375 0.0265625 0.15078125
0 0.51484375 0.54296875 0.00859375 0.0359375
0 0.71640625 0.4515625 0.0203125 0.078125
0 0.540625 0.5546875 0.00859375 0.028125
0 0.57890625 0.61875 0.0046875 0.01953125
0 0.9421875 0.60703125 0.0125 0.04765625
0 0.90546875 0.69375 0.00859375 0.03359375
0 0.89375 0.66015625 0.0046875 0.02265625
0 0.615625 0.3703125 0.01953125 0.1390625