0 0.97734375 0.675 0.0453125 0.0875
0 0.759375 0.40703125 0.02734375 0.05625
0 0.7625 0.59296875 0.03046875 0.0484375
0 0.665625 0.59765625 0.03046875 0.04296875
0 0.78828125 0.675 0.03515625 0.07421875
0 0.80234375 0.71953125 0.03828125 0.07578125
0 0.5578125 0.5625 0.01171875 0.02109375
0 0.56171875 0.640625 0.03125 0.06640625
0 0.40703125 0.5296875 0.0109375 0.01953125
0 0.38984375 0.4984375 0.009375 0.0171875
0 0.3890625 0.53359375 0.0109375 0.02109375
0 0.35390625 0.5703125 0.0125 0.021875
0 0.30703125 0.54453125 0.0125 0.02734375
0 0.2859375 0.53359375 0.0125 0.025
0 0.32734375 0.52734375 0.01171875 0.0234375
0 0.2953125 0.58359375 0.01875 0.03671875
0 0.2296875 0.74765625 0.04375 0.0703125
0 0.08046875 0.71015625 0.0515625 0.096875
0 0.225 0.57578125 0.01640625 0.0328125
0 0.25703125 0.571875 0.0109375 0.0234375