0 0.04921875 0.1953125 0.0109375 0.02578125
0 0.06171875 0.171875 0.01171875 0.021875
0 0.075 0.18359375 0.01171875 0.0296875
0 0.04296875 0.34609375 0.01171875 0.03125
0 0.1140625 0.2703125 0.0140625 0.02578125
0 0.08203125 0.31484375 0.009375 0.03359375
0 0.05859375 0.271875 0.0140625 0.02734375
0 0.165625 0.29765625 0.0140625 0.03359375
0 0.159375 0.23515625 0.0125 0.03125
0 0.14140625 0.2328125 0.015625 0.0296875
0 0.1140625 0.2078125 0.01171875 0.03515625
0 0.134375 0.1796875 0.015625 0.0375
0 0.159375 0.20390625 0.0109375 0.02578125
0 0.17578125 0.22890625 0.015625 0.0390625
0 0.19453125 0.25078125 0.0125 0.03359375
0 0.2234375 0.29140625 0.0109375 0.02734375
0 0.2203125 0.2484375 0.01484375 0.0296875
0 0.2078125 0.19765625 0.0125 0.0375
0 0.175 0.16796875 0.0125 0.03359375
0 0.184375 0.15078125 0.0046875 0.01015625
0 0.24375 0.1015625 0.0140625 0.02734375
0 0.2484375 0.21953125 0.0140625 0.0390625
0 0.2390625 0.20390625 0.01171875 0.02734375
0 0.2703125 0.2234375 0.015625 0.0375
0 0.26640625 0.2015625 0.0140625 0.0296875
0 0.27734375 0.1796875 0.01171875 0.02578125
0 0.2828125 0.21171875 0.0109375 0.0390625
0 0.30859375 0.22734375 0.0140625 0.03359375
0 0.30703125 0.18359375 0.0125 0.03125
0 0.33671875 0.34609375 0.0140625 0.03515625
0 0.33984375 0.26796875 0.009375 0.02578125
0 0.0796875 0.15625 0.0109375 0.01796875
0 0.3265625 0.21953125 0.0125 0.03125
0 0.3296875 0.16796875 0.01171875 0.02734375
0 0.35546875 0.2171875 0.01171875 0.03359375
0 0.35078125 0.19140625 0.0125 0.02578125
0 0.3625 0.171875 0.0125 0.021875
0 0.37734375 0.2390625 0.0125 0.0375
0 0.37578125 0.19765625 0.009375 0.02734375
0 0.3875 0.18984375 0.009375 0.02734375
0 0.4328125 0.2640625 0.0140625 0.0390625
0 0.440625 0.3484375 0.015625 0.0375
0 0.40703125 0.4109375 0.0140625 0.03515625
0 0.3859375 0.40703125 0.0125 0.02578125
0 0.45546875 0.2078125 0.0125 0.03359375
0 0.4859375 0.41484375 0.01484375 0.03125
0 0.48671875 0.3796875 0.0125 0.03125
0 0.50234375 0.35390625 0.0109375 0.03359375
0 0.5265625 0.28359375 0.0140625 0.02734375
0 0.5171875 0.22734375 0.015625 0.0375
0 0.49453125 0.16015625 0.0125 0.0296875
0 0.475 0.19765625 0.0109375 0.03125
0 0.49375 0.22734375 0.0125 0.03125
0 0.54765625 0.18359375 0.01171875 0.02734375
0 0.55234375 0.215625 0.0109375 0.03515625
0 0.5515625 0.32265625 0.0109375 0.0296875
0 0.553125 0.36953125 0.0140625 0.0296875
0 0.56328125 0.44453125 0.015625 0.04140625
0 0.58359375 0.2015625 0.01484375 0.0375
0 0.57421875 0.215625 0.009375 0.021875
0 0.5671875 0.22109375 0.0078125 0.021875
0 0.575 0.246875 0.01171875 0.0296875
0 0.58359375 0.26015625 0.0125 0.0390625
0 0.53984375 0.21953125 0.0078125 0.01953125
0 0.5984375 0.17421875 0.0125 0.03125
0 0.60078125 0.2078125 0.0109375 0.0296875
0 0.6171875 0.240625 0.0140625 0.03359375
0 0.621875 0.29140625 0.0140625 0.04140625
0 0.61015625 0.3640625 0.01484375 0.04296875
0 0.67109375 0.36015625 0.01484375 0.0375
0 0.675 0.2953125 0.015625 0.0390625
0 0.6625 0.27421875 0.0140625 0.03515625
0 0.66796875 0.24296875 0.0140625 0.02734375
0 0.653125 0.1234375 0.0140625 0.03515625
0 0.7109375 0.2484375 0.015625 0.0375
0 0.71640625 0.33828125 0.0125 0.0375
0 0.75078125 0.26015625 0.0125 0.02734375
0 0.728125 0.2234375 0.01484375 0.0390625
0 0.7671875 0.2234375 0.01640625 0.04296875
0 0.746875 0.215625 0.015625 0.0296875
0 0.77265625 0.18984375 0.0140625 0.03359375
0 0.79140625 0.20546875 0.01484375 0.03359375
0 0.80546875 0.20546875 0.01484375 0.03515625
0 0.825 0.25625 0.0171875 0.02734375
0 0.7796875 0.4328125 0.01640625 0.0375
0 0.81171875 0.4734375 0.01484375 0.0390625
0 0.6 0.4265625 0.0140625 0.0390625
0 0.60078125 0.48515625 0.01171875 0.03359375
0 0.82890625 0.2015625 0.01484375 0.0296875
0 0.846875 0.20390625 0.0140625 0.0375
0 0.871875 0.2390625 0.0140625 0.0390625
0 0.86953125 0.178125 0.0125 0.02734375
0 0.89140625 0.1953125 0.0140625 0.0296875
0 0.8875 0.1703125 0.0140625 0.02578125
0 0.90546875 0.19921875 0.01484375 0.02734375
0 0.8953125 0.2640625 0.015625 0.0390625
0 0.92109375 0.24296875 0.01484375 0.03515625
0 0.93046875 0.1953125 0.0109375 0.03125
0 0.9390625 0.19375 0.009375 0.0296875
0 0.94765625 0.18984375 0.00859375 0.04140625
0 0.95703125 0.19375 0.01171875 0.0390625
0 0.96953125 0.20546875 0.00859375 0.02734375
0 0.9859375 0.18203125 0.01171875 0.0390625
0 0.965625 0.25234375 0.00859375 0.02734375
0 0.98203125 0.38125 0.01640625 0.03125
0 0.96015625 0.3953125 0.0140625 0.03125
0 0.975 0.45625 0.0125 0.03125
0 0.8765625 0.43828125 0.01484375 0.0375
0 0.9125 0.4484375 0.01953125 0.03515625
0 0.88203125 0.41484375 0.015625 0.03125
0 0.98046875 0.21328125 0.01171875 0.0296875
0 0.0015625 0.40859375 0.003125 0.0421875
0 0.1015625 0.43671875 0.0140625 0.03125
0 0.03984375 0.528125 0.015625 0.0375
0 0.07578125 0.56328125 0.01875 0.04296875
0 0.0484375 0.58125 0.009375 0.03515625
0 0.0234375 0.59296875 0.01171875 0.03359375
0 0.00234375 0.6421875 0.0046875 0.03359375
0 0.0484375 0.7203125 0.01640625 0.03515625
0 0.0515625 0.70234375 0.015625 0.0296875
0 0.07109375 0.6671875 0.0140625 0.02578125
0 0.1 0.62421875 0.0125 0.0296875
0 0.0953125 0.590625 0.0140625 0.03359375
0 0.125 0.53828125 0.009375 0.0296875
0 0.159375 0.5421875 0.0140625 0.03125
0 0.1625 0.58515625 0.01171875 0.03125
0 0.1015625 0.70078125 0.0140625 0.02734375
0 0.103125 0.74375 0.015625 0.03125
0 0.0796875 0.80234375 0.01484375 0.03125
0 0.121875 0.80625 0.01640625 0.04296875
0 0.040625 0.884375 0.015625 0.02734375
0 0.00859375 0.7671875 0.015625 0.03359375
0 0.06953125 0.87109375 0.01484375 0.0234375
0 0.10078125 0.84765625 0.01640625 0.0390625
0 0.1671875 0.7515625 0.0125 0.02578125
0 0.19609375 0.7984375 0.01484375 0.0375
0 0.22734375 0.79609375 0.01640625 0.04140625
0 0.20546875 0.8828125 0.01640625 0.04296875
0 0.2640625 0.8609375 0.015625 0.03359375
0 0.303125 0.8671875 0.01875 0.03125
0 0.34765625 0.86875 0.0171875 0.03359375
0 0.35234375 0.80078125 0.01953125 0.03125
0 0.33671875 0.7984375 0.0140625 0.0390625
0 0.359375 0.7296875 0.015625 0.03125
0 0.1953125 0.54765625 0.0140625 0.0296875
0 0.2140625 0.48515625 0.0140625 0.03515625
0 0.2546875 0.465625 0.0125 0.03125
0 0.25 0.57734375 0.0171875 0.0375
0 0.23984375 0.5890625 0.01640625 0.03359375
0 0.27890625 0.50859375 0.0125 0.03515625
0 0.30234375 0.42109375 0.01484375 0.03359375
0 0.31171875 0.53046875 0.015625 0.03359375
0 0.3265625 0.5515625 0.0171875 0.0375
0 0.35625 0.496875 0.0140625 0.0375
0 0.36796875 0.59453125 0.015625 0.03359375
0 0.4015625 0.590625 0.0125 0.03359375
0 0.39921875 0.65390625 0.0140625 0.0296875
0 0.36875 0.66328125 0.01484375 0.03125
0 0.34921875 0.67890625 0.01484375 0.03359375
0 0.42890625 0.8828125 0.01640625 0.03515625
0 0.4171875 0.85546875 0.0125 0.04140625
0 0.41640625 0.6203125 0.0109375 0.0234375
0 0.475 0.6203125 0.0140625 0.03125
0 0.53203125 0.49140625 0.0125 0.0390625
0 0.47421875 0.67109375 0.0125 0.03515625
0 0.46171875 0.72578125 0.01484375 0.04296875
0 0.446875 0.7828125 0.009375 0.0234375
0 0.44609375 0.76484375 0.009375 0.02578125
0 0.49375 0.88828125 0.01484375 0.0296875
0 0.53984375 0.7125 0.0140625 0.0390625
0 0.60390625 0.7203125 0.0125 0.0375
0 0.6234375 0.7359375 0.0125 0.03515625
0 0.60546875 0.83359375 0.015625 0.03359375
0 0.62265625 0.83984375 0.0125 0.03359375
0 0.64375 0.93125 0.0125 0.03125
0 0.66875 0.84921875 0.015625 0.03125
0 0.678125 0.5515625 0.015625 0.02578125
0 0.70546875 0.59453125 0.01640625 0.0375
0 0.696875 0.6359375 0.0140625 0.0234375
0 0.7453125 0.51640625 0.0109375 0.0234375
0 0.7546875 0.5421875 0.01171875 0.02578125
0 0.79375 0.565625 0.015625 0.046875
0 0.72578125 0.65 0.01484375 0.05078125
0 0.7140625 0.71640625 0.01484375 0.0296875
0 0.7984375 0.73984375 0.015625 0.0375
0 0.76640625 0.91015625 0.015625 0.03125
0 0.7140625 0.90234375 0.0125 0.0375
0 0.93828125 0.5125 0.0140625 0.03515625
0 0.86640625 0.5046875 0.0140625 0.03125
0 0.82890625 0.634375 0.0125 0.03515625
0 0.8265625 0.68671875 0.01640625 0.03515625
0 0.884375 0.70625 0.0171875 0.0453125
0 0.9609375 0.68125 0.015625 0.046875
0 0.98671875 0.67109375 0.0125 0.0375
0 0.94609375 0.6046875 0.0125 0.0375
0 0.925 0.59453125 0.0140625 0.0375
0 0.84765625 0.884375 0.01171875 0.0375
0 0.87890625 0.88671875 0.009375 0.03515625
0 0.921875 0.93515625 0.015625 0.03125
0 0.99609375 0.8515625 0.0078125 0.03125
0 0.18828125 0.18203125 0.0125 0.03125
0 0.5078125 0.565625 0.0140625 0.0296875
0 0.63984375 0.49296875 0.0109375 0.0296875
0 0.4078125 0.20546875 0.01171875 0.02578125
0 0.66484375 0.2078125 0.01484375 0.02734375
0 0.76015625 0.98046875 0.02421875 0.03359375
0 0.60703125 0.890625 0.01484375 0.03359375
0 0.44921875 0.9703125 0.01171875 0.0296875
0 0.00703125 0.2390625 0.0125 0.0296875
0 0.015625 0.21328125 0.0140625 0.03515625
0 0.03046875 0.19921875 0.01171875 0.03125
0 0.040625 0.1953125 0.01171875 0.03515625
0 0.02734375 0.32109375 0.0140625 0.03359375
0 0.2796875 0.2953125 0.0140625 0.02578125
0 0.221875 0.19140625 0.0109375 0.0296875
0 0.05625 0.76328125 0.01484375 0.02734375
0 0.80703125 0.54375 0.0125 0.03125
0 0.83125 0.48359375 0.01171875 0.03125
0 0.53046875 0.95859375 0.01484375 0.03359375