0 0.89765625 0.4390625 0.03203125 0.065625
0 0.74296875 0.41015625 0.05078125 0.09375
0 0.5890625 0.3921875 0.053125 0.09375
0 0.48203125 0.446875 0.03984375 0.06171875
0 0.390625 0.36015625 0.046875 0.075
0 0.4640625 0.3921875 0.03203125 0.0515625
0 0.35078125 0.4125 0.028125 0.05390625
0 0.2234375 0.37890625 0.04296875 0.06171875
0 0.14296875 0.31015625 0.0515625 0.08046875
0 0.0375 0.284375 0.05078125 0.09375
0 0.4578125 0.10234375 0.06875 0.134375
0 0.22421875 0.08515625 0.0890625 0.16953125
0 0.0296875 0.05625 0.059375 0.1125