0 0.6578125 0.2046875 0.02421875 0.0421875
0 0.12578125 0.065625 0.009375 0.0171875
0 0.18515625 0.0671875 0.00859375 0.01640625
0 0.859375 0.70546875 0.040625 0.07578125
0 0.6015625 0.36484375 0.01953125 0.03671875
0 0.97421875 0.50234375 0.034375 0.05546875
0 0.9921875 0.45078125 0.015625 0.05703125
0 0.9734375 0.40859375 0.0390625 0.05703125
0 0.86484375 0.540625 0.04375 0.05546875
0 0.92734375 0.50234375 0.04375 0.06171875
0 0.8625 0.4140625 0.03984375 0.05234375
0 0.84140625 0.50234375 0.0421875 0.05703125
0 0.80078125 0.55625 0.040625 0.05546875
0 0.765625 0.66796875 0.040625 0.0703125
0 0.73359375 0.76875 0.04765625 0.0703125
0 0.7046875 0.70703125 0.05625 0.07734375
0 0.6859375 0.73828125 0.0421875 0.0671875
0 0.71875 0.646875 0.0546875 0.06015625
0 0.78203125 0.49921875 0.040625 0.0671875
0 0.775 0.54921875 0.03828125 0.06015625
0 0.76640625 0.4671875 0.03828125 0.06171875
0 0.78203125 0.4140625 0.03828125 0.05703125
0 0.7296875 0.43046875 0.0390625 0.06171875
0 0.57734375 0.8578125 0.0578125 0.090625
0 0.5359375 0.88984375 0.053125 0.0734375
0 0.4953125 0.8890625 0.0609375 0.0734375
0 0.4453125 0.93984375 0.021875 0.0453125
0 0.45390625 0.96640625 0.0234375 0.03828125
0 0.5015625 0.740625 0.0515625 0.08203125
0 0.64296875 0.65703125 0.03984375 0.06328125
0 0.62578125 0.6046875 0.04296875 0.05859375
0 0.53203125 0.65625 0.0546875 0.08203125
0 0.71171875 0.52578125 0.0375 0.0734375
0 0.68828125 0.5125 0.040625 0.0671875
0 0.65 0.47421875 0.0390625 0.071875
0 0.65703125 0.42734375 0.034375 0.05703125
0 0.62265625 0.396875 0.034375 0.0484375
0 0.62421875 0.44765625 0.046875 0.06328125
0 0.56015625 0.5859375 0.03828125 0.071875
0 0.571875 0.70546875 0.04375 0.0921875
0 0.5296875 0.396875 0.0265625 0.03515625
0 0.49609375 0.40859375 0.04296875 0.05234375
0 0.48125 0.49375 0.0421875 0.071875
0 0.48515625 0.61171875 0.0390625 0.0734375
0 0.43828125 0.6515625 0.04765625 0.071875
0 0.38203125 0.7625 0.05546875 0.075
0 0.321875 0.87578125 0.05625 0.08359375
0 0.28984375 0.8421875 0.0515625 0.08203125
0 0.2828125 0.7453125 0.0390625 0.071875
0 0.3484375 0.6234375 0.05546875 0.0703125
0 0.415625 0.56484375 0.03984375 0.0671875
0 0.3796875 0.49609375 0.03515625 0.05859375
0 0.4625 0.4 0.03515625 0.05546875
0 0.4 0.4140625 0.0421875 0.05
0 0.25546875 0.8390625 0.04609375 0.0734375
0 0.1703125 0.84765625 0.053125 0.07890625
0 0.11796875 0.85078125 0.0359375 0.0703125
0 0.1 0.82265625 0.04609375 0.0640625
0 0.23515625 0.66484375 0.03828125 0.07890625
0 0.18828125 0.59453125 0.0328125 0.05859375
0 0.29609375 0.48203125 0.04375 0.05703125
0 0.3640625 0.3734375 0.03828125 0.0515625
0 0.28046875 0.40703125 0.03125 0.05546875
0 0.09921875 0.71171875 0.0421875 0.0640625
0 0.0328125 0.78359375 0.05 0.075
0 0.0390625 0.7015625 0.03125 0.0515625
0 0.12421875 0.54765625 0.0515625 0.05390625
0 0.159375 0.49765625 0.03203125 0.0515625
0 0.15078125 0.47734375 0.034375 0.046875
0 0.10703125 0.5078125 0.03828125 0.05703125
0 0.178125 0.38828125 0.03984375 0.05703125
0 0.2203125 0.4203125 0.03203125 0.06015625
0 0.0484375 0.5140625 0.025 0.0421875
0 0.0203125 0.4140625 0.0296875 0.05859375
0 0.11484375 0.41171875 0.028125 0.0515625
0 0.96015625 0.33359375 0.04375 0.0515625
0 0.99140625 0.29140625 0.01640625 0.05
0 0.93359375 0.29609375 0.02734375 0.0453125
0 0.87578125 0.34375 0.02734375 0.046875
0 0.903125 0.28515625 0.0265625 0.03984375
0 0.89296875 0.275 0.0203125 0.03359375
0 0.93359375 0.184375 0.0171875 0.03828125
0 0.9234375 0.1390625 0.01875 0.03515625
0 0.94609375 0.15546875 0.01953125 0.03203125
0 0.8578125 0.11875 0.0125 0.03203125
0 0.8375 0.12734375 0.0171875 0.03515625
0 0.9109375 0.10703125 0.0171875 0.03046875
0 0.8796875 0.1421875 0.015625 0.028125
0 0.846875 0.07734375 0.015625 0.0234375
0 0.803125 0.2296875 0.0296875 0.0453125
0 0.79765625 0.36484375 0.03125 0.0453125
0 0.753125 0.33984375 0.03125 0.05
0 0.665625 0.378125 0.028125 0.0515625
0 0.6609375 0.421875 0.03125 0.0484375
0 0.69921875 0.3265625 0.0328125 0.046875
0 0.6546875 0.325 0.025 0.03203125
0 0.66328125 0.28515625 0.02265625 0.040625
0 0.7046875 0.26953125 0.01875 0.03984375
0 0.77109375 0.24296875 0.02265625 0.03046875
0 0.76953125 0.203125 0.0171875 0.03359375
0 0.7921875 0.159375 0.01875 0.03671875
0 0.865625 0.16875 0.0203125 0.040625
0 0.84375 0.15234375 0.0234375 0.03203125
0 0.96171875 0.009375 0.025 0.01875
0 0.8296875 0.065625 0.0171875 0.03046875
0 0.7375 0.05 0.015625 0.028125
0 0.75 0.1625 0.015625 0.03046875
0 0.7296875 0.1859375 0.0171875 0.04375
0 0.69296875 0.184375 0.0203125 0.025
0 0.6796875 0.22421875 0.01953125 0.02890625
0 0.7078125 0.16953125 0.021875 0.0265625
0 0.68125 0.1375 0.021875 0.03515625
0 0.68203125 0.0484375 0.01484375 0.025
0 0.7125 0.0421875 0.0171875 0.0234375
0 0.80625 0.07734375 0.0109375 0.01640625
0 0.83828125 0.03359375 0.0125 0.02890625
0 0.5703125 0.34296875 0.0296875 0.0421875
0 0.59296875 0.31484375 0.03125 0.046875
0 0.56171875 0.29609375 0.03046875 0.040625
0 0.59765625 0.2609375 0.025 0.0421875
0 0.621875 0.2328125 0.025 0.04375
0 0.5515625 0.24609375 0.028125 0.040625
0 0.5765625 0.22421875 0.021875 0.03984375
0 0.5421875 0.22578125 0.025 0.04375
0 0.55234375 0.184375 0.02265625 0.03984375
0 0.63046875 0.1859375 0.0203125 0.03359375
0 0.60234375 0.2046875 0.01875 0.04375
0 0.6046875 0.1625 0.0203125 0.03515625
0 0.6359375 0.13359375 0.01875 0.025
0 0.57421875 0.1359375 0.015625 0.028125
0 0.603125 0.12734375 0.0171875 0.02890625
0 0.615625 0.10390625 0.01484375 0.0265625
0 0.63125 0.1109375 0.01640625 0.028125
0 0.578125 0.10078125 0.015625 0.03046875
0 0.53515625 0.1875 0.01953125 0.03515625
0 0.490625 0.22265625 0.03125 0.0453125
0 0.496875 0.34375 0.034375 0.0484375
0 0.51953125 0.28671875 0.0328125 0.05
0 0.50859375 0.29140625 0.0265625 0.04375
0 0.4984375 0.296875 0.02421875 0.040625
0 0.521875 0.06015625 0.01640625 0.02890625
0 0.51640625 0.13359375 0.01875 0.0265625
0 0.4625 0.05703125 0.02421875 0.03515625
0 0.4640625 0.1375 0.015625 0.025
0 0.4453125 0.1625 0.0171875 0.02890625
0 0.44609375 0.3734375 0.0296875 0.046875
0 0.425 0.3703125 0.0265625 0.0453125
0 0.42890625 0.3265625 0.021875 0.0453125
0 0.446875 0.31171875 0.02734375 0.03984375
0 0.35078125 0.28671875 0.03046875 0.0515625
0 0.2765625 0.34375 0.02734375 0.04375
0 0.2390625 0.36328125 0.03203125 0.05
0 0.1796875 0.3453125 0.03515625 0.05859375
0 0.25859375 0.2765625 0.03125 0.05
0 0.3796875 0.28984375 0.02734375 0.040625
0 0.43125 0.21640625 0.02265625 0.0453125
0 0.3890625 0.23828125 0.0265625 0.03984375
0 0.3640625 0.23125 0.02421875 0.03671875
0 0.3390625 0.26328125 0.02734375 0.03359375
0 0.3375 0.2515625 0.025 0.0453125
0 0.3265625 0.21484375 0.02734375 0.040625
0 0.35859375 0.19453125 0.0265625 0.03671875
0 0.39453125 0.184375 0.01953125 0.03828125
0 0.36796875 0.1578125 0.02265625 0.03671875
0 0.38359375 0.1578125 0.01953125 0.03671875
0 0.415625 0.11015625 0.0125 0.0203125
0 0.37109375 0.1140625 0.0234375 0.03515625
0 0.44375 0.10546875 0.0171875 0.025
0 0.36875 0.03046875 0.01484375 0.0234375
0 0.36796875 0.07578125 0.0171875 0.03203125
0 0.403125 0.06328125 0.01953125 0.025
0 0.40546875 0.0265625 0.0140625 0.021875
0 0.396875 0.00859375 0.0125 0.0171875
0 0.31953125 0.14375 0.02265625 0.028125
0 0.28359375 0.159375 0.0203125 0.03046875
0 0.25703125 0.24140625 0.0234375 0.03359375
0 0.24765625 0.20234375 0.02421875 0.03984375
0 0.2953125 0.0640625 0.01953125 0.02890625
0 0.284375 0.06875 0.01640625 0.02890625
0 0.30234375 0.03046875 0.01484375 0.0234375
0 0.278125 0.03515625 0.015625 0.025
0 0.271875 0.03359375 0.01484375 0.028125
0 0.246875 0.05859375 0.01875 0.0234375
0 0.23359375 0.1171875 0.01640625 0.02890625
0 0.221875 0.17890625 0.01640625 0.02890625
0 0.1265625 0.3515625 0.02734375 0.0453125
0 0.1140625 0.33125 0.0265625 0.0453125
0 0.1703125 0.26953125 0.02265625 0.040625
0 0.16328125 0.31328125 0.021875 0.040625
0 0.09140625 0.203125 0.03046875 0.0421875
0 0.15390625 0.159375 0.02265625 0.0421875
0 0.0109375 0.2328125 0.021875 0.03203125
0 0.0078125 0.17734375 0.015625 0.03984375
0 0.12578125 0.14375 0.02265625 0.040625
0 0.11796875 0.0109375 0.01484375 0.021875
0 0.05625 0.00546875 0.0125 0.01015625
0 0.040625 0.14375 0.00859375 0.01328125
0 0.99609375 0.090625 0.0078125 0.065625
0 0.13203125 0.03671875 0.01640625 0.03046875
0 0.14296875 0.1109375 0.01875 0.02890625
0 0.00234375 0.090625 0.0046875 0.0203125
0 0.40703125 0.33828125 0.021875 0.0453125
0 0.259375 0.31171875 0.03515625 0.0515625
0 0.62890625 0.80078125 0.053125 0.07890625
0 0.95 0.96015625 0.04296875 0.07734375
0 0.91875 0.91640625 0.0515625 0.075
0 0.8375 0.9578125 0.0609375 0.07578125
0 0.7828125 0.91796875 0.05390625 0.08046875
0 0.80390625 0.82265625 0.05 0.0640625
0 0.965625 0.81875 0.0359375 0.05703125
0 0.98515625 0.56953125 0.025 0.0453125
0 0.96328125 0.76171875 0.0421875 0.07578125
0 0.89765625 0.45390625 0.025 0.05390625