0 0.821875 0.42578125 0.05859375 0.08359375
0 0.74921875 0.384375 0.05078125 0.07578125
0 0.684375 0.3765625 0.0578125 0.078125
0 0.59296875 0.475 0.0765625 0.09921875
0 0.4578125 0.45859375 0.0828125 0.12109375
0 0.51796875 0.43515625 0.06328125 0.09765625
0 0.51953125 0.3203125 0.053125 0.07421875
0 0.646875 0.52890625 0.0828125 0.12265625
0 0.44609375 0.34921875 0.053125 0.0765625
0 0.7484375 0.30703125 0.02421875 0.0375
0 0.94140625 0.86484375 0.1171875 0.19921875
0 0.9015625 0.61484375 0.0734375 0.09375
0 0.7515625 0.69375 0.09375 0.15625
0 0.96796875 0.4359375 0.06328125 0.08828125
0 0.9 0.334375 0.040625 0.06484375
0 0.284375 0.56640625 0.10078125 0.16171875
0 0.340625 0.421875 0.08203125 0.1171875
0 0.384375 0.37265625 0.0703125 0.09375
0 0.371875 0.17421875 0.01640625 0.025
0 0.3234375 0.15 0.01953125 0.03125
0 0.2015625 0.16640625 0.025 0.03671875
0 0.1390625 0.1328125 0.02421875 0.0390625
0 0.1734375 0.140625 0.0171875 0.02890625
0 0.221875 0.14296875 0.01640625 0.02734375
0 0.2453125 0.11875 0.0109375 0.01953125
0 0.26640625 0.11328125 0.01171875 0.0171875
0 0.3 0.1 0.0078125 0.0140625
0 0.30625 0.09140625 0.0078125 0.01015625
0 0.27265625 0.09609375 0.0109375 0.01796875
0 0.2125 0.08046875 0.009375 0.0140625
0 0.23046875 0.078125 0.009375 0.015625
0 0.5921875 0.28125 0.0421875 0.05859375
0 0.71953125 0.18515625 0.01484375 0.02109375
0 0.6328125 0.2515625 0.0234375 0.0375
0 0.59453125 0.225 0.0234375 0.0328125
0 0.60859375 0.1890625 0.0171875 0.025
0 0.48203125 0.2171875 0.028125 0.04296875
0 0.56171875 0.209375 0.01875 0.02578125
0 0.50625 0.21875 0.01875 0.02890625
0 0.546875 0.1703125 0.0140625 0.02109375
0 0.58515625 0.14609375 0.00859375 0.0140625
0 0.5421875 0.140625 0.0078125 0.01328125
0 0.47890625 0.16015625 0.01484375 0.02578125
0 0.484375 0.1265625 0.0078125 0.0140625
0 0.49921875 0.1328125 0.00703125 0.01171875
0 0.79375 0.13671875 0.01171875 0.0171875
0 0.753125 0.165625 0.0125 0.01953125
0 0.76875 0.1421875 0.01171875 0.0171875
0 0.7421875 0.140625 0.0140625 0.01796875
0 0.69453125 0.17421875 0.01171875 0.0140625
0 0.696875 0.16171875 0.0109375 0.015625
0 0.67109375 0.12109375 0.0078125 0.01171875
0 0.67890625 0.1703125 0.009375 0.015625
0 0.9796875 0.203125 0.01875 0.02734375
0 0.871875 0.171875 0.021875 0.02109375
0 0.7859375 0.17421875 0.01640625 0.0171875
0 0.83828125 0.16953125 0.0109375 0.02734375
0 0.65 0.15078125 0.009375 0.0140625
0 0.546875 0.10703125 0.0078125 0.01328125
0 0.59453125 0.12265625 0.0078125 0.0140625
0 0.61015625 0.11875 0.0078125 0.01328125
0 0.6734375 0.13125 0.0078125 0.0140625
0 0.57890625 0.12734375 0.0078125 0.01171875
0 0.61796875 0.13828125 0.0109375 0.01171875
0 0.78203125 0.2203125 0.00625 0.02578125
0 0.828125 0.18203125 0.015625 0.021875
0 0.0203125 0.68203125 0.03984375 0.23203125
0 0.03046875 0.5796875 0.0609375 0.171875
0 0.03359375 0.33046875 0.0671875 0.10703125
0 0.1265625 0.30859375 0.053125 0.0609375
0 0.1171875 0.04453125 0.009375 0.01171875
0 0.0375 0.02734375 0.00859375 0.015625
0 0.0140625 0.01953125 0.01171875 0.01796875
0 0.87421875 0.7203125 0.096875 0.13125
0 0.2671875 0.45859375 0.078125 0.14296875