0 0.9171875 0.8140625 0.03515625 0.0703125
0 0.965625 0.65078125 0.0234375 0.03671875
0 0.86796875 0.68125 0.01953125 0.0328125
0 0.76796875 0.65078125 0.01875 0.03125
0 0.53203125 0.6890625 0.0203125 0.03359375
0 0.315625 0.66640625 0.028125 0.0390625
0 0.29140625 0.671875 0.02265625 0.03671875
0 0.14375 0.74453125 0.046875 0.0640625
0 0.21484375 0.6875 0.021875 0.04296875
0 0.18828125 0.6484375 0.01484375 0.025
0 0.1328125 0.6484375 0.01953125 0.02890625
0 0.084375 0.67734375 0.021875 0.03359375
0 0.10234375 0.67734375 0.0203125 0.03671875
0 0.04765625 0.709375 0.02734375 0.04296875
0 0.1546875 0.58828125 0.00859375 0.0140625
0 0.1625 0.61484375 0.0078125 0.01796875
0 0.259375 0.5765625 0.01640625 0.02734375
0 0.19609375 0.60390625 0.00859375 0.01171875
0 0.221875 0.640625 0.01640625 0.0296875
0 0.6625 0.33828125 0.015625 0.02578125
0 0.625 0.27890625 0.015625 0.02734375
0 0.5171875 0.24453125 0.0140625 0.03359375
0 0.4875 0.2640625 0.01875 0.02890625
0 0.4421875 0.25625 0.0140625 0.02734375
0 0.59453125 0.29296875 0.01171875 0.021875
0 0.83125 0.640625 0.00859375 0.0171875
0 0.815625 0.6171875 0.0078125 0.01328125
0 0.20703125 0.5640625 0.009375 0.01953125
0 0.2875 0.55859375 0.01171875 0.025
0 0.22734375 0.5609375 0.0109375 0.01953125
0 0.015625 0.696875 0.0140625 0.0296875
0 0.21953125 0.61328125 0.01171875 0.01796875
0 0.2265625 0.58984375 0.01171875 0.0171875
0 0.22578125 0.5765625 0.009375 0.015625