0 0.871875 0.4625 0.096875 0.1671875
0 0.7984375 0.42890625 0.05625 0.0921875
0 0.6984375 0.540625 0.04609375 0.06875
0 0.56953125 0.47890625 0.0078125 0.01484375
0 0.68203125 0.86953125 0.06171875 0.10546875
0 0.61015625 0.5390625 0.04375 0.07578125
0 0.5484375 0.54609375 0.053125 0.090625
0 0.471875 0.52421875 0.03515625 0.06875
0 0.446875 0.52734375 0.05546875 0.09375
0 0.40390625 0.52890625 0.034375 0.05859375
0 0.31484375 0.559375 0.06953125 0.1140625
0 0.209375 0.64140625 0.08203125 0.14375
0 0.171875 0.540625 0.0453125 0.07578125
0 0.1421875 0.4671875 0.046875 0.08359375
0 0.09921875 0.52109375 0.07109375 0.10234375
0 0.02890625 0.5359375 0.0109375 0.01484375
0 0.0140625 0.50234375 0.0078125 0.01640625
0 0.0140625 0.48203125 0.0078125 0.01328125