0 0.94765625 0.51796875 0.1046875 0.265625
0 0.8890625 0.36015625 0.05546875 0.09140625
0 0.7765625 0.271875 0.065625 0.14453125
0 0.7296875 0.19609375 0.11640625 0.23984375
0 0.5921875 0.278125 0.06875 0.1234375
0 0.65703125 0.24609375 0.02421875 0.03671875
0 0.54765625 0.284375 0.03203125 0.07421875
0 0.53515625 0.23984375 0.0296875 0.0578125
0 0.49375 0.31796875 0.05 0.08515625
0 0.409375 0.2734375 0.0421875 0.0984375
0 0.42890625 0.29140625 0.0359375 0.08359375
0 0.36796875 0.29140625 0.05390625 0.1234375
0 0.29609375 0.30234375 0.090625 0.1765625
0 0.22578125 0.328125 0.05625 0.096875
0 0.1109375 0.278125 0.09296875 0.1546875
0 0.0609375 0.3359375 0.06171875 0.096875
0 0.15546875 0.25078125 0.02265625 0.053125
0 0.24609375 0.25703125 0.0453125 0.08203125
0 0.18203125 0.2890625 0.01875 0.03515625
0 0.0171875 0.290625 0.0296875 0.0578125
0 0.84140625 0.3359375 0.0265625 0.0546875