0 0.1828125 0.71484375 0.053125 0.09375
0 0.1234375 0.3203125 0.02421875 0.040625
0 0.4171875 0.49765625 0.028125 0.05703125
0 0.428125 0.3703125 0.01875 0.0421875
0 0.50234375 0.44375 0.03984375 0.0703125
0 0.5171875 0.36484375 0.01953125 0.03671875
0 0.5265625 0.2546875 0.0203125 0.04375
0 0.6 0.43359375 0.03046875 0.065625
0 0.64765625 0.42421875 0.046875 0.07578125
0 0.78515625 0.40078125 0.0546875 0.08203125
0 0.659375 0.24453125 0.0203125 0.03515625
0 0.75234375 0.28515625 0.01484375 0.03984375
0 0.378125 0.446875 0.025 0.025
0 0.92265625 0.47421875 0.0375 0.06328125