0 0.975 0.4421875 0.0203125 0.03203125
0 0.984375 0.490625 0.02734375 0.04375
0 0.93515625 0.48046875 0.01875 0.03515625
0 0.9640625 0.45234375 0.01640625 0.02890625
0 0.9234375 0.446875 0.01640625 0.02890625
0 0.9421875 0.37890625 0.00859375 0.01640625
0 0.91484375 0.48203125 0.028125 0.046875
0 0.8828125 0.44921875 0.0171875 0.0265625
0 0.896875 0.45703125 0.0109375 0.01875
0 0.8734375 0.50546875 0.01875 0.03046875
0 0.8640625 0.47265625 0.01640625 0.0265625
0 0.83515625 0.49609375 0.021875 0.03359375
0 0.840625 0.45546875 0.015625 0.0265625
0 0.8296875 0.47421875 0.01484375 0.0234375
0 0.821875 0.3703125 0.0125 0.025
0 0.8140625 0.53125 0.01484375 0.040625
0 0.79453125 0.4703125 0.01484375 0.021875
0 0.77890625 0.509375 0.01640625 0.0265625
0 0.74375 0.50234375 0.01484375 0.025
0 0.70078125 0.446875 0.0203125 0.03515625
0 0.73515625 0.45390625 0.01640625 0.025
0 0.73828125 0.4359375 0.0171875 0.03203125
0 0.66328125 0.52734375 0.01640625 0.03046875
0 0.64609375 0.54609375 0.01875 0.028125
0 0.63984375 0.52421875 0.015625 0.02890625
0 0.64453125 0.45546875 0.0078125 0.01328125
0 0.77421875 0.6078125 0.03203125 0.0671875
0 0.60234375 0.54296875 0.0171875 0.0265625
0 0.5640625 0.5359375 0.025 0.03828125
0 0.49296875 0.58125 0.02421875 0.040625
0 0.4171875 0.59765625 0.02734375 0.0515625
0 0.3703125 0.59296875 0.02421875 0.04375
0 0.17890625 0.73359375 0.08125 0.121875
0 0.31171875 0.69375 0.0484375 0.090625
0 0.11328125 0.63125 0.015625 0.0234375
0 0.30546875 0.609375 0.015625 0.028125
0 0.28828125 0.5828125 0.00859375 0.021875
0 0.09375 0.68046875 0.0171875 0.03359375
0 0.0453125 0.628125 0.0078125 0.01640625
0 0.084375 0.61015625 0.01171875 0.01640625
0 0.1171875 0.59765625 0.00625 0.01484375
0 0.128125 0.57578125 0.00390625 0.00859375
0 0.1078125 0.59765625 0.009375 0.01484375
0 0.2796875 0.5875 0.0109375 0.0203125
0 0.20546875 0.59609375 0.00859375 0.01484375
0 0.23203125 0.58125 0.00859375 0.01484375
0 0.4578125 0.2109375 0.01953125 0.03359375
0 0.4609375 0.56484375 0.009375 0.01484375
0 0.43671875 0.56953125 0.01171875 0.025
0 0.66484375 0.6015625 0.00703125 0.01484375
0 0.7171875 0.51953125 0.0078125 0.0171875
0 0.1515625 0.5859375 0.00703125 0.01015625
0 0.14609375 0.5859375 0.00703125 0.01484375