0 0.2609375 0.2609375 0.01953125 0.03828125
0 0.2171875 0.253125 0.0140625 0.0265625
0 0.153125 0.2546875 0.01484375 0.0265625
0 0.09296875 0.24921875 0.015625 0.025
0 0.0328125 0.24765625 0.01484375 0.0265625
0 0.1359375 0.40546875 0.0203125 0.02890625
0 0.2546875 0.41015625 0.01875 0.03515625
0 0.36640625 0.1171875 0.02265625 0.03984375
0 0.43671875 0.115625 0.0203125 0.040625
0 0.5171875 0.0671875 0.01953125 0.028125
0 0.36796875 0.390625 0.021875 0.03671875
0 0.475 0.3921875 0.0234375 0.040625
0 0.565625 0.10078125 0.0234375 0.040625
0 0.6453125 0.10234375 0.02421875 0.03984375
0 0.7234375 0.0984375 0.02734375 0.0453125
0 0.58046875 0.234375 0.01875 0.028125
0 0.63359375 0.23125 0.015625 0.0265625
0 0.6890625 0.23125 0.0203125 0.0265625
0 0.74453125 0.23125 0.01640625 0.028125
0 0.57734375 0.3984375 0.0234375 0.03828125
0 0.678125 0.40234375 0.0234375 0.0453125
0 0.775 0.5859375 0.01171875 0.01875
0 0.68125 0.5796875 0.00859375 0.0203125
0 0.7 0.5796875 0.009375 0.01640625
0 0.75078125 0.5828125 0.009375 0.0203125
0 0.7390625 0.5796875 0.009375 0.01484375
0 0.45390625 0.4859375 0.03515625 0.08203125
0 0.54140625 0.59296875 0.06328125 0.075
0 0.02734375 0.1171875 0.0140625 0.025
0 0.0921875 0.1125 0.0125 0.025
0 0.15078125 0.11015625 0.0125 0.0265625
0 0.215625 0.10859375 0.01484375 0.02890625
0 0.28046875 0.10390625 0.015625 0.025