0 0.8703125 0.3078125 0.0890625 0.1546875
0 0.9765625 0.27734375 0.046875 0.20625
0 0.8 0.25234375 0.0703125 0.11328125
0 0.75078125 0.27734375 0.0515625 0.10859375
0 0.678125 0.20625 0.08984375 0.1703125
0 0.946875 0.29375 0.0515625 0.10546875
0 0.5546875 0.3390625 0.1171875 0.23203125
0 0.43046875 0.27890625 0.103125 0.2078125
0 0.38515625 0.3125 0.06953125 0.11953125
0 0.2859375 0.33125 0.078125 0.1390625
0 0.3296875 0.27109375 0.03984375 0.06328125
0 0.16640625 0.23515625 0.1359375 0.23828125
0 0.053125 0.3234375 0.06875 0.12421875
0 0.025 0.353125 0.05 0.1421875
0 0.7328125 0.1796875 0.0234375 0.04296875