0 0.0734375 0.325 0.0234375 0.04375
0 0.14375 0.35 0.01953125 0.046875
0 0.12265625 0.33359375 0.0203125 0.03046875
0 0.17109375 0.3203125 0.02734375 0.05
0 0.20625 0.3 0.0234375 0.046875
0 0.2375 0.33828125 0.02421875 0.03828125
0 0.31171875 0.31953125 0.0234375 0.05
0 0.39375 0.30625 0.02265625 0.03359375
0 0.421875 0.303125 0.01953125 0.046875
0 0.3484375 0.33125 0.0203125 0.04375
0 0.36875 0.36328125 0.025 0.05859375
0 0.46328125 0.29609375 0.01875 0.03671875
0 0.48828125 0.31796875 0.0234375 0.05234375
0 0.503125 0.35859375 0.03515625 0.06015625
0 0.5484375 0.28984375 0.01953125 0.03828125
0 0.53828125 0.284375 0.01640625 0.03203125
0 0.578125 0.33515625 0.025 0.05546875
0 0.646875 0.31796875 0.021875 0.03984375
0 0.70234375 0.29609375 0.02265625 0.0453125
0 0.721875 0.3 0.025 0.03828125
0 0.75234375 0.33125 0.0265625 0.05703125
0 0.66484375 0.36015625 0.0390625 0.0890625
0 0.7984375 0.3984375 0.04765625 0.09375
0 0.840625 0.2984375 0.02421875 0.04375
0 0.87734375 0.33984375 0.028125 0.05546875
0 0.93359375 0.2984375 0.02734375 0.05859375
0 0.9484375 0.34375 0.02734375 0.06328125
0 0.99296875 0.3296875 0.0140625 0.06015625
0 0.14453125 0.31640625 0.01953125 0.040625