0 0.9265625 0.33828125 0.0359375 0.08203125
0 0.38984375 0.47578125 0.01875 0.03984375
0 0.3203125 0.48203125 0.021875 0.03671875
0 0.2640625 0.4640625 0.01875 0.03203125
0 0.3265625 0.35546875 0.015625 0.03203125
0 0.1203125 0.35 0.03125 0.05390625
0 0.1859375 0.3921875 0.015625 0.028125
0 0.1265625 0.59140625 0.025 0.0640625
0 0.209375 0.51796875 0.0171875 0.04375
0 0.2546875 0.50546875 0.0140625 0.0421875
0 0.4203125 0.52421875 0.01953125 0.046875
0 0.79609375 0.66796875 0.0265625 0.08515625
0 0.66484375 0.3953125 0.01484375 0.03046875
0 0.6078125 0.4359375 0.01484375 0.03359375
0 0.56015625 0.43203125 0.0125 0.02890625
0 0.50625 0.4375 0.0125 0.025
0 0.8203125 0.459375 0.01953125 0.03515625
0 0.46796875 0.52578125 0.01953125 0.0515625
0 0.0546875 0.3671875 0.0078125 0.0171875
0 0.0203125 0.36875 0.00625 0.0171875
0 0.20546875 0.47421875 0.01875 0.03515625