0 0.02109375 0.2640625 0.01875 0.03046875
0 0.1140625 0.28671875 0.01640625 0.0265625
0 0.0578125 0.34921875 0.0203125 0.03515625
0 0.190625 0.27734375 0.01640625 0.03359375
0 0.2484375 0.26015625 0.01484375 0.028125
0 0.2078125 0.265625 0.0140625 0.0234375
0 0.2984375 0.2734375 0.0140625 0.0296875
0 0.33125 0.27421875 0.0109375 0.021875
0 0.3515625 0.26015625 0.0140625 0.025
0 0.36953125 0.271875 0.0125 0.025
0 0.4046875 0.25390625 0.015625 0.03203125
0 0.4203125 0.25703125 0.01484375 0.03359375
0 0.46171875 0.27734375 0.01875 0.03359375
0 0.4578125 0.2453125 0.01640625 0.03203125
0 0.36953125 0.3625 0.01875 0.03203125
0 0.265625 0.340625 0.0171875 0.03828125
0 0.23359375 0.37578125 0.03828125 0.08359375
0 0.32109375 0.3640625 0.025 0.10390625
0 0.71171875 0.2640625 0.03125 0.053125
0 0.7453125 0.1984375 0.02421875 0.05546875
0 0.66171875 0.28203125 0.02421875 0.053125
0 0.68671875 0.25546875 0.01953125 0.0453125
0 0.58984375 0.21328125 0.025 0.053125
0 0.52578125 0.265625 0.0203125 0.03984375
0 0.5078125 0.2625 0.0140625 0.03359375
0 0.9734375 0.28203125 0.053125 0.071875
0 0.89375 0.28203125 0.034375 0.06328125
0 0.11875 0.27421875 0.01171875 0.0234375
0 0.32890625 0.3359375 0.0109375 0.0234375